+9.99
38.30			38.30			38.30			+9.99			0.00			4,500			0.030			5			+10.00
42.13			42.13			42.13			+10.00			0.00			3,000			0.020			5			+9.99
46.34			46.34			46.34			+9.99			0.00			2,200			0.015			4			+9.99
50.97			50.97			50.97			+9.99			0.00			17,300			0.115			32			+10.01
56.07			56.07			56.07			+10.01			0.00			63,900			0.426			91			+10.01
61.68			61.68			60.06			+10.01			2.89			1,367,425			9.12			500			+10.00
64.00			67.85			59.58			+10.00			13.41			8,893,739			59.29			2881			-9.93
65.20			67.00			61.07			-9.93			8.74			6,161,425			41.08			2940			+2.14
60.59			65.00			60.59			+2.14			7.22			4,324,494			28.83			2714			+0.14
60.20			63.74			58.05			+0.14			9.12			3,299,422			22.00			2481			+3.86
61.99			67.00			61.49			+3.86			8.81			3,822,184			25.48			2593			-1.14
63.82			66.13			63.20			-1.14			4.51			3,095,250			20.64			2527			+10.00
64.50			70.60			63.88			+10.00			10.47			4,467,041			29.78			2179			-4.07
72.85			72.85			67.63			-4.07			7.39			5,036,802			33.58			2637			-1.21
67.10			68.99			65.60			-1.21			5.01			3,307,176			22.05			2277			+1.78
66.80			68.75			64.66			+1.78			6.11			4,071,265			27.14			2525			-3.58
66.78			68.00			63.01			-3.58			7.33			3,486,148			23.24			2556			-4.74
64.81			65.90			62.20			-4.74			5.64			2,101,472			14.01			2087			-0.93
61.25			63.97			61.19			-0.93			4.44			1,671,182			11.14			1609			+3.32
62.50			65.10			62.06			+3.32			4.91			1,906,661			12.71			1987			-0.89
64.60			66.96			63.01			-0.89			6.17			2,504,013			16.69			2381			+6.68
63.40			68.68			62.50			+6.68			9.74			3,222,492			21.48			2468			+0.83
67.95			68.40			66.00			+0.83			3.55			2,752,709			18.35			2249			-1.52
67.90			68.97			66.72			-1.52			3.30			1,935,236			12.90			1926			+5.62
66.95			71.17			65.59			+5.62			8.30			2,410,571			16.07			2085			-1.80
70.30			71.28			69.24			-1.80			2.87			1,904,959			12.70			2215			-2.75
68.79			69.77			66.83			-2.75			4.22			1,515,248			10.10			1563			-0.97
68.27			68.99			67.00			-0.97			2.94			903,783			6.03			1286			-6.70
67.20			67.79			61.00			-6.70			10.11			2,088,733			13.92			2054			-4.45
61.78			63.52			58.00			-4.45			8.81			1,541,264			10.28			1681			+3.93
59.85			62.44			58.20			+3.93			7.08			1,203,380			8.02			1448			-0.47
62.00			62.54			60.11			-0.47			3.91			1,254,857			8.37			1839			+2.41
62.40			64.25			61.93			+2.41			3.75			1,309,169			8.73			1595			+1.44
65.14			68.95			63.41			+1.44			8.74			2,078,081			13.85			1712			-2.41
63.00			65.80			62.50			-2.41			5.13			1,734,064			11.56			1571			+5.67
62.22			67.30			61.30			+5.67			9.56			1,318,600			8.79			1526			+3.21
68.05			69.96			67.27			+3.21			4.06			1,815,119			12.10			1732			-0.47
67.51			68.95			66.80			-0.47			3.14			1,240,400			8.27			1383			+4.65
68.13			71.60			68.13			+4.65			5.09			1,915,069			12.77			1778			-5.46
70.50			71.27			66.92			-5.46			6.10			2,062,237			13.75			1850			+7.06
66.89			74.10			66.65			+7.06			11.05			1,848,498			12.32			1626			-4.52
70.35			72.17			68.66			-4.52			4.86			1,445,829			9.64			1578			+6.02
69.00			74.85			69.00			+6.02			8.49			2,392,694			15.95			2272			+1.20
72.18			74.98			71.49			+1.20			4.78			1,913,644			12.76			1931			+1.96
75.30			76.76			73.60			+1.96			4.27			1,847,561			12.32			1779			-1.82
75.10			75.77			73.00			-1.82			3.67			1,528,557			10.19			1611			-1.76
73.10			76.10			72.36			-1.76			5.05			1,361,900			9.08			1541			-3.04
73.28			74.21			69.30			-3.04			6.75			1,914,177			12.76			2007			+3.02
70.85			72.97			70.32			+3.02			3.76			1,309,452			8.73			4074			-1.16
73.10			73.88			71.00			-1.16			3.96			1,075,451			7.17			3176			+1.87
71.32			73.20			69.50			+1.87			5.15			1,252,988			8.35			3787			+4.29
72.44			76.80			72.44			+4.29			5.96			1,699,858			11.33			4765			+2.77
76.36			80.48			76.28			+2.77			5.51			2,308,859			15.39			5910			-0.75
78.38			79.30			76.80			-0.75			3.19			1,019,424			6.80			3336			+2.57
77.92			80.60			77.92			+2.57			3.44			1,165,008			7.77			3307			-0.08
79.50			84.56			78.51			-0.08			7.58			2,367,410			15.78			6397			-2.90
79.88			80.00			76.66			-2.90			4.19			1,980,362			13.20			5365			+2.82
77.60			80.00			76.67			+2.82			4.30			1,619,530			10.80			4538			+0.00
79.80			81.13			77.90			+0.00			4.06			1,730,673			11.54			5003			+4.31
79.70			83.20			78.58			+4.31			5.80			1,767,605			11.78			5114			-0.24
82.98			84.48			81.22			-0.24			3.93			1,504,315			10.03			4881			-10.00
80.81			82.00			74.56			-10.00			8.98			2,910,456			19.40			8248			-2.11
73.82			75.68			71.25			-2.11			5.94			2,313,416			15.42			6028			+2.88
72.69			75.20			71.45			+2.88			5.14			1,346,577			8.98			3841			-1.73
74.00			75.06			71.98			-1.73			4.10			1,063,577			7.09			2772			-2.76
73.80			74.40			70.48			-2.76			5.31			1,485,060			9.90			3779			-9.99
70.01			70.01			64.58			-9.99			7.57			1,586,086			10.57			3696			-3.93
63.50			64.58			60.80			-3.93			5.85			2,215,017			14.77			4126			+1.64
62.00			63.68			60.30			+1.64			5.45			1,203,588			8.02			2848			-1.32
63.13			64.20			61.82			-1.32			3.77			1,318,196			8.79			2644			-0.50
62.23			62.75			61.50			-0.50			2.01			527,377			3.52			1319			+2.60
61.50			64.52			59.30			+2.60			8.43			1,405,366			9.37			2954			+0.46
63.21			64.04			62.50			+0.46			2.42			559,803			3.73			1726			-2.62
63.87			63.88			61.02			-2.62			4.48			615,607			4.10			1786			+3.31
62.25			66.60			60.61			+3.31			9.64			946,213			6.31			2671			+0.90
63.70			65.50			63.70			+0.90			2.80			727,100			4.85			1938			-1.48
64.66			64.78			62.50			-1.48			3.52			608,613			4.06			1293			+0.03
62.82			64.50			62.60			+0.03			2.98			530,600			3.54			1280			-1.86
63.85			63.89			62.60			-1.86			2.02			439,900			2.93			1116			+0.53
61.70			63.68			61.64			+0.53			3.26			509,300			3.40			1186			-1.65
62.90			63.25			61.80			-1.65			2.30			284,200			1.89			927			-0.18
61.95			62.75			61.12			-0.18			2.63			258,800			1.73			701			+0.31
61.84			62.20			61.50			+0.31			1.13			324,583			2.16			754			-0.42
61.61			61.92			61.19			-0.42			1.18			302,100			2.01			729			+1.65
61.99			63.75			61.60			+1.65			3.48			729,206			4.86			1682			-3.76
62.11			62.96			59.87			-3.76			4.92			635,108			4.23			1592			+0.40
60.40			61.40			60.10			+0.40			2.15			466,780			3.11			1152			+0.76
60.99			61.27			60.01			+0.76			2.08			685,383			4.57			1405			+5.10
61.18			65.20			60.85			+5.10			7.12			1,135,751			7.57			2595			-1.01
64.00			64.25			63.00			-1.01			1.95			641,813			4.28			1478			-3.38
63.03			63.76			61.22			-3.38			3.99			712,094			4.75			1849			-1.97
59.03			61.50			58.10			-1.97			5.53			1,408,007			9.39			2878			-0.91
59.51			60.38			59.20			-0.91			1.96			494,788			3.30			1397			-0.23
59.76			60.20			59.20			-0.23			1.68			295,488			1.97			920			-0.34
59.50			60.47			59.26			-0.34			2.03			520,088			3.47			1436			+1.21
59.40			60.40			59.12			+1.21			2.16			471,213			3.14			1195			+5.19
60.20			63.32			59.55			+5.19			6.28			1,042,830			6.95			2827			+1.71
62.71			65.05			62.70			+1.71			3.72			1,331,511			8.88			3150			-2.21
64.25			64.55			62.00			-2.21			3.97			757,204			5.05			1613			+1.77
62.85			64.49			62.66			+1.77			2.91			634,207			4.23			1482			+2.31
64.30			65.70			63.96			+2.31			2.72			1,389,905			9.27			2476			+0.28
65.00			67.30			63.70			+0.28			5.50			1,258,953			8.39			2301			-1.45
65.63			65.97			63.80			-1.45			3.31			729,500			4.86			1605			-1.04
64.50			64.50			63.10			-1.04			2.16			571,500			3.81			1373			+0.97
64.11			66.18			63.80			+0.97			3.72			1,064,916			7.10			2261			-2.71
64.35			64.47			62.06			-2.71			3.73			1,239,466			8.26			3076			+2.77
62.65			64.78			62.56			+2.77			3.53			1,049,927			7.00			2486			-1.56
64.30			64.75			62.62			-1.56			3.30			941,666			6.28			2231			-0.17
63.60			63.61			62.90			-0.17			1.12			436,530			2.91			925			-0.66
63.65			64.20			62.58			-0.66			2.55			996,900			6.65			1677			-3.22
63.14			63.46			60.66			-3.22			4.44			1,198,454			7.99			2468			+0.28
61.02			61.42			60.37			+0.28			1.72			536,194			3.57			1146			+0.26
61.20			61.93			61.00			+0.26			1.52			346,463			2.31			948			+10.00
61.40			67.51			61.11			+10.00			10.43			1,895,258			12.64			3832			+4.67
72.00			73.98			70.14			+4.67			5.69			3,702,407			24.68			7148			+1.27
71.17			73.85			70.68			+1.27			4.49			2,410,056			16.07			6176			+3.90
71.00			76.50			69.62			+3.90			9.61			2,584,140			17.23			6324			-1.59
73.63			73.70			71.30			-1.59			3.23			1,449,279			9.66			3845			-0.75
73.94			76.36			72.02			-0.75			5.93			1,604,259			10.70			4812			+6.09
73.58			78.56			72.11			+6.09			8.88			2,034,085			13.56			5528			+1.75
76.76			78.58			75.01			+1.75			4.63			1,401,472			9.34			3985			-0.52
76.03			80.80			76.01			-0.52			6.11			2,627,626			17.52			4935			-1.96
76.00			77.50			74.87			-1.96			3.37			1,645,016			10.97			3424			-1.16
75.86			76.39			74.30			-1.16			2.73			1,013,265			6.76			2563			+0.00
75.00			75.78			74.00			+0.00			2.36			765,557			5.10			2070			+3.53
74.88			79.50			74.71			+3.53			6.34			1,115,140			7.43			3118			-3.08
78.00			78.30			75.20			-3.08			3.96			615,479			4.10			1563			-0.94
76.18			76.87			75.04			-0.94			2.41			509,700			3.40			1490			+0.47
75.10			77.20			74.58			+0.47			3.49			503,376			3.36			1369			-2.45
75.40			75.94			73.51			-2.45			3.22			474,396			3.16			1158			+1.89
73.49			75.10			73.23			+1.89			2.54			448,976			2.99			921			-1.56
72.68			74.50			72.68			-1.56			2.43			483,300			3.22			1043			+3.87
73.80			77.78			73.34			+3.87			6.01			792,197			5.28			2270			+4.24
76.05			81.00			76.03			+4.24			6.48			982,490			6.55			3124			+1.51
79.25			81.20			78.40			+1.51			3.50			973,053			6.49			2676			-0.84
81.08			82.00			79.50			-0.84			3.08			500,488			3.34			1440			+3.63
80.10			83.97			78.51			+3.63			6.79			1,004,837			6.70			2635			+2.23
82.33			85.85			82.06			+2.23			4.54			1,026,236			6.84			2521			+8.46
85.20			93.78			84.16			+8.46			11.28			1,291,705			8.61			3533			-1.08
92.00			96.90			90.20			-1.08			7.25			1,003,353			6.69			3140			+3.26
92.60			96.28			89.11			+3.26			7.84			946,546			6.31			2431			+0.18
94.18			96.79			92.63			+0.18			4.40			731,200			4.87			1982			+1.08
93.82			95.79			93.00			+1.08			2.95			556,027			3.71			1695			-2.31
95.61			96.49			91.22			-2.31			5.51			612,400			4.08			1750			-0.71
93.38			93.38			91.03			-0.71			2.52			498,900			3.33			1393			+0.69
92.86			98.00			91.63			+0.69			6.87			789,000			5.26			2288			+2.19
94.29			96.86			91.08			+2.19			6.19			548,300			3.66			1658			+0.84
95.45			99.82			93.51			+0.84			6.61			747,470			4.98			2260			-5.44
95.00			96.06			88.00			-5.44			8.37			897,766			5.99			2539			+0.02
90.10			92.74			89.00			+0.02			4.11			359,500			2.40			1093			-3.86
90.00			91.23			86.10			-3.86			5.64			684,352			4.56			1589			+9.48
87.50			96.07			83.00			+9.48			14.93			877,897			5.85			2201			-1.46
94.49			96.94			92.01			-1.46			5.15			548,205			3.65			1585			-0.08
94.42			98.30			91.50			-0.08			7.20			525,316			3.50			1610			-3.30
94.37			96.00			88.15			-3.30			8.32			496,700			3.31			1499			+2.01
89.86			95.00			89.86			+2.01			5.63			438,678			2.92			1353			-7.53
92.00			92.00			86.00			-7.53			6.45			427,100			2.85			1315			+3.89
85.81			89.58			85.80			+3.89			4.39			235,708			1.57			870			+0.65
89.85			90.58			88.02			+0.65			2.86			222,100			1.48			640			-1.77
89.60			90.47			87.16			-1.77			3.68			227,600			1.52			627			-0.01
87.30			89.98			87.30			-0.01			3.03			127,600			0.851			435			-5.52
86.80			87.95			82.28			-5.52			6.42			419,700			2.80			1277			-10.00
83.94			83.94			75.15			-10.00			10.53			899,600			6.00			1568			-0.68
73.00			75.08			68.80			-0.68			8.36			1,478,209			9.85			2529			-2.25
72.02			75.00			70.80			-2.25			5.63			888,200			5.92			1570			+0.19
72.87			75.00			72.20			+0.19			3.84			601,300			4.01			1429			-0.66
74.49			74.49			70.89			-0.66			4.92			645,911			4.31			1508			-4.90
73.68			73.68			68.88			-4.90			6.61			762,100			5.08			1844			+1.87
68.78			71.50			68.22			+1.87			4.75			587,100			3.91			1165			+0.57
71.14			72.00			69.77			+0.57			3.17			706,100			4.71			1728			-2.36
70.38			70.38			67.88			-2.36			3.53			840,409			5.60			1777			-2.63
69.32			69.32			66.00			-2.63			4.81			486,709			3.24			1141			+3.08
67.40			70.97			66.78			+3.08			6.23			974,818			6.50			1839			-0.42
69.09			71.40			68.57			-0.42			4.08			687,909			4.59			1431			-0.36
68.08			69.60			66.64			-0.36			4.29			442,600			2.95			1424			+0.06
68.57			70.06			68.47			+0.06			2.31			296,218			1.97			887			+2.99
68.08			73.50			67.90			+2.99			8.14			742,035			4.95			1898			+2.89
70.89			73.45			69.58			+2.89			5.46			623,315			4.16			1782			-1.73
72.34			74.94			71.51			-1.73			4.70			652,500			4.35			1611			-0.60
71.55			71.99			70.50			-0.60			2.08			360,900			2.41			1135			+4.79
70.88			74.93			70.71			+4.79			5.92			704,309			4.70			1975			+0.16
74.88			77.49			74.01			+0.16			4.66			665,724			4.44			1801			-0.25
74.00			75.35			74.00			-0.25			1.81			428,300			2.86			1131			-0.46
74.13			75.09			74.01			-0.46			1.45			371,800			2.48			941			-2.07
74.06			74.49			70.12			-2.07			5.89			806,900			5.38			1741			-1.75
72.90			72.90			70.80			-1.75			2.89			381,600			2.54			929			-0.36
71.30			72.00			70.80			-0.36			1.68			306,300			2.04			750			-2.60
71.07			71.46			68.97			-2.60			3.50			408,800			2.73			1011			-0.46
68.15			69.90			68.05			-0.46			2.67			452,200			3.01			1185			-1.75
69.03			69.19			67.69			-1.75			2.17			309,100			2.06			992			-6.92
67.18			68.01			62.10			-6.92			8.72			782,800			5.22			1756			-0.43
63.00			63.95			62.58			-0.43			2.17			518,009			3.45			1231			+2.91
62.32			65.75			60.84			+2.91			7.81			2,031,553			13.54			2792			-2.57
64.50			65.38			62.72			-2.57			4.11			1,115,215			7.43			2161			+0.08
62.70			63.94			62.11			+0.08			2.90			963,600			6.42			1516			+0.35
62.90			63.90			62.61			+0.35			2.05			593,700			3.96			1268			-1.77
63.28			63.28			61.60			-1.77			2.65			539,115			3.59			1410			+2.09
62.20			63.70			61.04			+2.09			4.28			653,109			4.35			1604			+3.17
63.28			66.66			63.02			+3.17			5.74			893,909			5.96			2399			-0.32
65.16			65.69			63.80			-0.32			2.89			865,815			5.77			1212			-3.06
65.26			65.90			63.18			-3.06			4.17			434,900			2.90			1276			+0.73
62.75			63.90			62.31			+0.73			2.51			276,700			1.84			771			-2.53
63.60			63.73			62.03			-2.53			2.67			257,100			1.71			802			-10.00
61.90			61.90			55.90			-10.00			9.66			620,500			4.14			1416			-8.66
51.51			55.00			50.31			-8.66			8.39			1,149,338			7.66			2361			-3.19
50.10			51.98			49.00			-3.19			5.84			849,094			5.66			1695			-8.52
45.22			47.79			45.07			-8.52			5.50			1,218,525			8.12			2783			+1.70
46.66			47.27			44.30			+1.70			6.57			1,207,400			8.05			1968			+5.98
45.50			50.20			45.33			+5.98			10.59			873,800			5.83			2155			-1.58
47.00			51.30			46.00			-1.58			10.87			1,281,721			8.54			2804			-0.75
45.00			48.62			44.21			-0.75			9.19			1,788,614			11.92			3751			-2.94
47.28			47.50			45.94			-2.94			3.28			1,035,400			6.90			2536			-0.93
46.48			46.48			44.61			-0.93			4.05			618,599			4.12			1670			+2.16
46.00			47.43			45.87			+2.16			3.41			535,000			3.57			1325			+6.88
47.06			51.10			46.98			+6.88			8.81			1,140,699			7.60			3053			+9.76
50.00			54.90			49.92			+9.76			9.96			1,648,614			10.99			4140			-0.86
54.19			56.20			53.50			-0.86			4.92			1,431,314			9.54			3732			-1.56
54.07			54.30			52.00			-1.56			4.23			867,499			5.78			2362			+6.20
52.90			58.00			52.70			+6.20			9.90			1,159,299			7.73			3374			-3.13
55.15			56.50			55.01			-3.13			2.62			821,900			5.48			2387			+3.03
55.03			56.99			54.80			+3.03			3.98			842,615			5.62			1985			+0.62
56.41			59.94			55.71			+0.62			7.45			1,288,400			8.59			3034			-1.30
56.40			57.00			55.78			-1.30			2.14			993,398			6.62			2448			-0.04
55.97			56.75			55.96			-0.04			1.40			642,114			4.28			1655			+2.70
56.35			58.83			56.35			+2.70			4.40			1,167,200			7.78			3140			+4.77
58.78			60.97			57.88			+4.77			5.34			1,469,253			9.80			3610			-3.00
60.00			60.34			58.70			-3.00			2.70			1,014,548			6.76			2643			-2.02
58.76			60.70			57.25			-2.02			5.87			1,000,753			6.67			2525			-4.27
56.78			56.79			53.73			-4.27			5.31			1,672,825			11.15			3697			-2.05
55.04			55.44			53.95			-2.05			2.70			821,925			5.48			1897			+6.39
54.50			58.46			54.19			+6.39			7.90			1,383,438			9.22			3389			+0.85
56.60			58.35			56.51			+0.85			3.20			1,028,000			6.85			2424			-2.76
57.98			59.71			55.60			-2.76			7.09			1,128,810			7.53			2816			+3.60
56.55			58.97			56.30			+3.60			4.74			1,112,589			7.42			2944			+4.20
56.50			64.24			55.05			+4.20			15.74			3,142,028			20.95			6719			+5.47
61.96			65.80			61.96			+5.47			6.31			3,053,664			20.36			7356			+2.62
63.03			66.36			62.12			+2.62			6.61			3,029,215			20.19			7683			-3.11
64.00			65.58			63.58			-3.11			3.04			1,627,209			10.85			4280			-1.88
63.71			64.60			61.49			-1.88			4.87			1,348,558			8.99			3371			+4.23
62.45			65.60			62.41			+4.23			5.10			2,002,655			13.35			4423			+1.15
65.50			68.60			62.80			+1.15			8.89			2,911,691			19.41			6302			-2.97
64.00			64.60			63.02			-2.97			2.39			1,230,216			8.20			3320			+0.08
64.89			66.14			64.00			+0.08			3.34			1,708,294			11.39			3859			-1.47
63.05			63.87			61.10			-1.47			4.32			1,419,362			9.46			3065			-1.50
63.51			63.75			61.50			-1.50			3.56			1,045,364			3.06			2178			-0.58
62.40			62.96			61.58			-0.58			2.22			842,800			2.46			2182			+0.60
61.85			63.47			61.81			+0.60			2.68			706,766			2.07			1986			+2.96
62.50			64.55			62.00			+2.96			4.10			1,307,779			3.82			3008			-1.05
64.00			64.85			62.89			-1.05			3.06			798,868			2.34			2203			+3.11
63.88			66.76			63.41			+3.11			5.28			1,741,286			5.09			4655			+6.46
66.80			71.20			65.20			+6.46			9.18			3,018,126			8.83			7358			-3.05
67.14			69.90			66.70			-3.05			4.60			2,491,728			7.29			6129			-1.73
67.00			69.00			66.02			-1.73			4.42			1,829,913			5.35			4274			-10.00
67.25			67.25			59.66			-10.00			11.45			2,105,707			6.16			5025			+1.12
59.00			60.60			58.45			+1.12			3.60			1,527,733			4.47			3269			+0.60
59.94			61.98			59.33			+0.60			4.39			1,225,415			3.58			2753			-1.17
60.65			62.60			59.87			-1.17			4.50			1,589,764			4.65			3265			-4.42
60.92			60.96			56.51			-4.42			7.42			1,396,500			4.08			3028			-3.87
56.60			57.44			54.10			-3.87			5.83			1,380,370			4.04			2967			+3.08
55.09			57.09			54.60			+3.08			4.52			835,500			2.44			2276			-21.84
40.40			44.40			40.05			-21.84			7.66			1,415,587			4.14			2064			+5.34
44.88			47.75			44.40			+5.34			7.55			4,403,934			9.20			9652			-2.80
45.66			46.00			45.00			-2.80			2.14			2,596,665			5.42			6730			+0.20
45.15			46.55			44.66			+0.20			4.16			2,287,461			4.78			5421			-0.70
45.20			45.90			44.52			-0.70			3.03			1,532,591			3.20			3776			+5.00
45.25			47.82			44.57			+5.00			7.19			3,618,745			7.56			8632			-3.50
46.50			47.20			45.38			-3.50			3.83			2,151,826			4.49			5760			+1.57
46.07			46.60			44.71			+1.57			4.12			1,521,249			3.18			3839			-2.21
46.20			46.20			45.28			-2.21			1.98			1,131,169			2.36			2728			-0.48
45.53			45.98			44.86			-0.48			2.46			931,890			1.95			2506			-3.64
45.30			45.30			42.62			-3.64			5.92			2,070,623			4.32			4798			+4.44
43.78			45.82			43.42			+4.44			5.50			1,710,294			3.57			4063			+0.33
45.33			45.99			44.80			+0.33			2.61			1,162,090			2.43			3075			+5.40
46.13			49.94			46.13			+5.40			8.33			3,358,944			7.02			8048			+2.99
47.77			50.87			47.00			+2.99			8.03			3,474,438			7.26			8513			+3.81
48.97			51.87			48.50			+3.81			6.79			4,194,625			8.76			10320			-3.34
51.19			51.19			49.48			-3.34			3.32			2,234,285			4.67			5814			-2.99
49.60			50.57			48.10			-2.99			4.96			2,002,839			4.18			4810			-1.06
48.61			52.97			47.70			-1.06			10.90			3,663,635			7.65			8895			-0.92
46.19			47.50			45.01			-0.92			5.21			3,190,026			6.66			7554			-6.80
46.21			47.66			43.00			-6.80			9.84			2,512,039			5.25			5533			+0.77
44.19			45.78			43.88			+0.77			4.30			1,189,709			2.48			3060			+3.55
44.51			46.11			44.45			+3.55			3.73			1,334,245			2.79			3115			-0.65
46.40			46.40			45.21			-0.65			2.58			983,660			2.05			2361			+0.79
45.65			46.80			45.60			+0.79			2.62			1,435,831			3.00			3284			-2.56
45.00			45.50			43.88			-2.56			3.51			1,232,780			2.57			2678			-4.47
44.66			44.66			42.51			-4.47			4.78			1,147,170			2.40			2939			+1.28
42.85			43.66			41.52			+1.28			4.98			860,220			1.80			2038			-0.78
43.01			44.80			42.59			-0.78			5.08			874,272			1.83			2141			+0.35
42.60			44.16			42.10			+0.35			4.77			774,180			1.62			1762			-1.82
43.29			43.93			41.58			-1.82			5.43			847,599			1.77			1905			-9.69
41.90			42.24			38.27			-9.69			9.34			1,267,620			2.65			2756			+4.43
38.29			41.61			37.60			+4.43			10.44			1,160,140			2.42			2519			-8.23
39.98			40.18			36.30			-8.23			9.68			1,030,500			2.15			2353			+1.98
36.81			37.88			36.33			+1.98			4.21			615,208			1.28			1398			-0.61
38.08			38.38			37.21			-0.61			3.12			508,679			1.06			1201			+3.43
36.36			39.10			36.02			+3.43			8.26			860,460			1.80			1890			+2.80
38.35			41.49			38.35			+2.80			8.14			1,216,579			2.54			2721			-2.70
39.58			40.27			38.40			-2.70			4.72			799,296			1.67			1978			+5.23
38.36			40.77			38.36			+5.23			6.25			1,180,560			2.47			2726			-3.60
40.25			40.76			38.67			-3.60			5.15			1,027,980			2.15			2358			+5.26
39.10			41.28			38.28			+5.26			7.66			1,748,139			3.65			3287			-4.85
40.60			40.97			38.58			-4.85			5.80			1,309,953			2.74			2729			-5.28
38.00			39.69			37.00			-5.28			6.86			1,158,592			2.42			2337			+1.16
37.15			38.98			36.98			+1.16			5.39			1,312,778			2.74			2588			+2.48
37.12			38.59			37.12			+2.48			3.91			1,002,260			2.09			2106			+2.03
38.31			39.34			38.31			+2.03			2.68			991,300			2.07			2078			-3.11
38.70			38.70			37.13			-3.11			4.00			1,187,353			2.48			2502			+5.60
38.06			40.49			38.06			+5.60			6.38			1,873,800			3.91			3687			-0.50
40.01			40.44			39.34			-0.50			2.74			1,075,520			2.25			2443			+2.95
40.14			41.19			39.75			+2.95			3.60			1,783,507			3.73			3269			-0.44
40.96			41.40			39.84			-0.44			3.79			1,261,659			2.64			2527			-1.54
41.48			42.35			40.30			-1.54			5.00			1,368,847			2.86			2910			-2.01
39.95			40.58			39.29			-2.01			3.20			753,400			1.57			1648			+1.69
39.56			40.50			39.17			+1.69			3.36			823,720			1.72			1492			+0.75
39.82			41.26			39.75			+0.75			3.75			1,210,960			2.53			2416			+0.20
40.18			40.74			40.02			+0.20			1.78			791,240			1.65			1750			-0.44
40.60			41.28			40.17			-0.44			2.73			897,020			1.87			2162			-3.07
40.65			40.86			39.03			-3.07			4.53			1,339,160			2.80			2406			-0.28
39.20			39.79			38.80			-0.28			2.53			707,060			1.48			1934			-6.27
38.10			38.47			36.20			-6.27			5.81			1,180,215			2.47			2764			-1.50
36.50			36.87			35.30			-1.50			4.29			846,141			1.77			1814			-2.02
36.11			36.40			35.31			-2.02			3.02			638,040			1.33			1537			-3.59
35.55			35.55			33.13			-3.59			6.85			753,280			1.57			1612			-1.67
34.07			34.47			32.88			-1.67			4.67			376,899			0.787			876			-4.03
33.45			33.62			32.00			-4.03			4.84			438,020			0.915			968			+5.32
32.50			34.45			32.01			+5.32			7.59			809,341			1.69			1590			-0.30
33.79			35.66			33.57			-0.30			6.17			1,051,540			2.20			2005			+5.21
33.57			35.99			33.57			+5.21			7.17			1,496,596			3.13			2684			+0.03
35.20			35.60			35.00			+0.03			1.69			835,516			1.75			1698			-0.08
35.01			35.70			34.48			-0.08			3.43			769,403			1.61			1416			-1.75
35.23			35.50			34.55			-1.75			2.68			574,940			1.20			1207			-1.40
35.28			35.28			33.98			-1.40			3.73			474,380			0.991			1131			-2.01
33.95			34.96			32.89			-2.01			6.02			471,960			0.986			1024			-2.79
34.10			34.49			32.69			-2.79			5.34			469,280			0.980			1220			+3.05
32.26			33.80			32.26			+3.05			4.70			580,580			1.21			1642			+0.62
33.76			34.99			32.50			+0.62			7.38			775,960			1.62			1573			+1.09
33.88			34.52			33.54			+1.09			2.88			740,100			1.55			1776			+1.63
34.05			35.67			33.30			+1.63			6.90			1,042,880			2.18			2410			-2.58
35.45			35.45			33.60			-2.58			5.30			774,310			1.62			1621			+3.15
33.80			35.12			33.80			+3.15			3.88			967,030			2.02			1845			-0.77
35.00			35.15			34.55			-0.77			1.71			563,900			1.18			1029			-1.24
34.66			34.76			33.77			-1.24			2.84			382,880			0.800			821			-1.80
34.34			34.46			33.63			-1.80			2.41			261,960			0.547			654			+0.18
33.64			34.12			33.27			+0.18			2.52			261,760			0.547			937			-0.12
33.52			33.83			32.80			-0.12			3.05			255,070			0.533			862			+1.01
33.47			34.20			33.08			+1.01			3.32			336,020			0.702			836			-1.32
33.77			34.70			33.63			-1.32			3.14			497,643			1.04			1045			+0.09
33.20			34.12			33.18			+0.09			2.79			296,040			0.618			647			-1.16
33.80			34.50			32.92			-1.16			4.69			475,620			0.993			932			-4.35
33.01			33.01			31.80			-4.35			3.63			508,920			1.06			968			+1.10
31.94			32.20			31.63			+1.10			1.79			342,600			0.716			607			-0.53
32.29			32.35			31.86			-0.53			1.52			152,660			0.319			398			+0.03
32.64			32.68			31.65			+0.03			3.22			227,960			0.476			483			-3.31
32.03			32.09			30.70			-3.31			4.34			341,740			0.714			755			-3.97
30.97			30.97			29.50			-3.97			4.74			243,400			0.508			662			+1.24
29.70			30.32			29.11			+1.24			4.07			285,880			0.597			603			+1.69
30.12			30.87			29.81			+1.69			3.52			441,340			0.922			919			-0.75
30.56			30.65			30.06			-0.75			1.93			339,780			0.710			691			+1.25
30.39			30.88			30.12			+1.25			2.50			323,420			0.676			722			+0.55
30.77			30.95			30.05			+0.55			2.92			152,820			0.319			430			-0.13
30.77			31.29			30.63			-0.13			2.13			267,720			0.559			568			-1.71
30.79			30.97			30.28			-1.71			2.23			258,000			0.539			559			+0.86
30.36			30.76			30.36			+0.86			1.32			183,440			0.383			370			-5.35
30.50			30.50			28.89			-5.35			5.25			294,160			0.614			701			+0.83
29.44			29.44			28.88			+0.83			1.93			147,825			0.309			542			+1.06
29.24			29.64			28.82			+1.06			2.80			239,220			0.500			631			-8.02
28.97			28.97			26.60			-8.02			8.02			447,400			0.934			1064			-2.32
26.80			26.81			25.17			-2.32			6.03			306,640			0.640			758			+0.72
26.54			27.39			26.05			+0.72			5.05			202,960			0.424			546			-1.94
26.50			27.30			25.20			-1.94			7.85			281,220			0.587			638			+1.87
26.78			27.22			25.59			+1.87			6.22			223,980			0.468			592			-3.48
26.74			26.74			24.60			-3.48			8.01			265,680			0.555			651			+2.33
25.60			26.47			25.00			+2.33			5.70			283,378			0.592			686			+6.60
26.37			28.44			26.37			+6.60			7.85			573,579			1.20			1180			-4.05
27.58			28.33			26.47			-4.05			6.61			307,195			0.642			729			-0.04
26.90			27.35			26.55			-0.04			2.97			261,873			0.547			488			-0.70
26.70			26.95			25.76			-0.70			4.41			266,020			0.556			564			+10.01
26.05			29.46			26.05			+10.01			12.73			1,216,603			2.54			1353			-2.31
29.54			30.94			28.62			-2.31			7.88			2,079,321			4.34			3860			+0.42
27.90			29.19			27.69			+0.42			5.21			1,101,523			2.30			2430			+1.70
28.56			29.94			28.56			+1.70			4.78			1,101,120			2.30			2454			-0.54
29.16			29.87			29.15			-0.54			2.45			741,820			1.55			1777			+1.88
30.81			31.66			29.30			+1.88			8.07			982,700			2.05			1690			-0.17
29.25			30.00			29.11			-0.17			2.99			645,223			1.35			1264			-1.88
29.17			29.65			29.11			-1.88			1.82			485,800			1.01			818			+0.34
29.16			29.77			29.16			+0.34			2.09			290,120			0.606			769			-0.58
29.41			29.74			28.75			-0.58			3.38			230,800			0.482			647			-1.20
28.65			29.30			28.64			-1.20			2.27			262,480			0.548			576			+2.47
28.44			29.56			28.44			+2.47			3.90			464,340			0.970			854			-0.10
29.22			29.66			29.00			-0.10			2.24			644,653			1.35			1042			+3.19
29.49			31.62			29.14			+3.19			8.43			1,384,960			2.89			2871			+5.63
30.50			32.85			30.39			+5.63			8.10			1,929,954			4.03			3457			-0.94
31.68			32.38			31.36			-0.94			3.18			1,158,720			2.42			2151			-1.57
31.77			31.77			31.16			-1.57			1.92			584,780			1.22			1042			-2.75
30.90			30.99			30.04			-2.75			3.04			658,660			1.38			1145			-0.16
30.10			30.78			29.86			-0.16			3.02			522,680			1.09			983			-0.33
30.37			30.68			30.11			-0.33			1.88			383,713			0.801			758			-6.54
30.26			30.60			27.25			-6.54			11.07			937,740			1.96			1891			-1.03
27.71			28.27			26.83			-1.03			5.09			553,213			1.16			1053			+0.93
27.97			28.36			27.55			+0.93			2.89			372,060			0.777			867			+0.14
27.76			28.38			27.68			+0.14			2.48			356,100			0.744			717			-3.29
28.30			28.81			27.20			-3.29			5.69			485,980			1.02			897			+1.94
27.00			28.01			26.60			+1.94			5.15			527,600			1.10			1014			+3.30
28.70			29.37			28.01			+3.30			4.87			678,957			1.42			1245			-0.07
28.66			28.97			28.57			-0.07			1.39			356,097			0.744			763			-1.22
28.20			28.55			28.12			-1.22			1.49			403,400			0.843			654			-2.71
28.10			28.45			27.60			-2.71			2.99			268,860			0.562			619			+2.06
27.88			28.50			27.88			+2.06			2.24			248,780			0.520			632			+5.70
28.64			31.08			28.00			+5.70			10.90			1,334,399			2.79			2803			+4.66
29.30			32.18			29.30			+4.66			9.65			2,063,600			4.31			4213			-3.62
30.76			31.06			30.02			-3.62			3.33			1,177,540			2.46			2504			+0.27
30.12			30.56			29.92			+0.27			2.12			871,200			1.82			1645			-3.28
30.21			30.21			29.12			-3.28			3.61			618,440			1.29			1419			+1.85
29.06			30.05			28.83			+1.85			4.18			530,900			1.11			1086			-0.74
29.30			29.85			29.11			-0.74			2.49			406,180			0.848			806			+1.49
29.56			30.33			29.56			+1.49			2.61			646,200			1.35			1356			-0.23
30.00			30.38			29.56			-0.23			2.74			519,720			1.09			1010			-1.87
29.30			29.68			29.02			-1.87			2.21			438,780			0.916			859			+1.40
29.30			29.75			29.25			+1.40			1.70			452,580			0.945			896			-2.76
29.00			29.40			28.05			-2.76			4.54			608,320			1.27			1318			+1.83
29.18			29.96			28.70			+1.83			4.36			619,380			1.29			1518			-1.02
29.76			30.20			29.15			-1.02			3.56			488,320			1.02			1219			-1.06
28.53			29.16			28.32			-1.06			2.88			384,560			0.803			1090			-2.08
28.98			28.98			28.25			-2.08			2.53			225,800			0.472			565			-2.65
28.25			28.60			26.88			-2.65			6.09			436,460			0.912			969			+1.45
27.07			28.00			27.07			+1.45			3.38			315,820			0.660			695			+1.65
28.28			28.90			28.12			+1.65			2.80			392,780			0.820			707			-1.66
28.20			28.67			27.57			-1.66			3.88			487,302			1.02			954			+1.65
28.00			29.66			27.71			+1.65			6.99			1,108,822			2.32			1895			-3.32
28.18			28.57			27.37			-3.32			4.23			784,460			1.64			1529			-3.50
27.55			27.55			25.51			-3.50			7.44			1,463,749			3.06			2551			-2.57
26.51			26.53			25.67			-2.57			3.25			877,451			1.83			1534			+1.09
25.79			26.28			25.79			+1.09			1.90			727,042			1.52			1102			+0.31
26.13			26.50			26.02			+0.31			1.84			568,380			1.19			937			-0.61
26.20			26.20			25.90			-0.61			1.15			382,060			0.798			757			+1.23
26.05			26.35			25.88			+1.23			1.81			587,300			1.23			933			+1.22
26.24			26.76			26.04			+1.22			2.74			612,000			1.28			1085			-1.65
26.62			26.62			26.15			-1.65			1.77			460,120			0.961			812			+0.57
26.17			26.44			26.13			+0.57			1.18			329,022			0.687			562			+2.32
26.28			27.41			26.09			+2.32			5.02			1,085,860			2.27			1959			+0.48
26.69			27.20			26.53			+0.48			2.49			801,460			1.67			1309			-2.29
26.98			27.03			26.40			-2.29			2.33			507,980			1.06			825			-4.50
26.44			26.44			24.99			-4.50			5.48			672,200			1.40			1080			-1.47
25.03			25.45			24.83			-1.47			2.46			434,600			0.908			935			-3.62
24.75			25.75			23.00			-3.62			11.05			751,989			1.57			1397			+3.09
24.00			24.81			24.00			+3.09			3.38			357,900			0.748			1057			+2.83
24.74			25.48			24.71			+2.83			3.11			381,669			0.797			992			+0.75
25.65			25.82			25.31			+0.75			2.01			378,929			0.791			1088			+10.00
25.90			28.17			25.70			+10.00			9.64			2,205,979			4.61			3644			-2.09
27.65			27.98			27.17			-2.09			2.88			1,683,439			3.52			3257			-0.62
27.50			27.99			27.26			-0.62			2.65			1,048,008			2.19			2400			+5.84
27.53			29.40			27.46			+5.84			7.08			1,731,988			3.62			3511			-1.48
28.85			28.99			28.18			-1.48			2.79			1,266,469			2.65			2399			-0.35
28.30			28.60			28.00			-0.35			2.10			756,440			1.58			1472			-0.91
28.80			29.58			28.18			-0.91			4.92			1,413,180			2.95			2733			+1.95
28.28			28.85			27.52			+1.95			4.71			1,128,120			2.36			2044			+7.54
29.03			31.60			29.02			+7.54			8.97			2,287,492			4.78			3318			-1.26
30.76			32.23			30.09			-1.26			6.92			1,766,898			3.69			3046			-0.43
30.60			31.55			29.96			-0.43			5.20			1,617,434			3.38			2506			+2.89
30.42			31.48			30.41			+2.89			3.52			1,225,238			2.56			2198			+1.60
31.30			32.23			31.15			+1.60			3.45			1,050,820			2.19			1839			-1.26
32.40			32.58			30.77			-1.26			5.69			2,054,442			4.29			3301			+2.26
32.20			32.25			31.10			+2.26			3.66			1,797,892			3.76			2366			+0.09
32.01			32.25			31.48			+0.09			2.40			1,760,532			3.68			2185			+0.59
32.00			32.80			31.48			+0.59			4.11			1,820,920			3.80			2679			+2.94
31.99			35.17			31.02			+2.94			12.84			3,863,109			8.07			4722			+2.67
34.00			34.51			32.88			+2.67			4.90			2,429,659			5.07			3264			-0.15
34.12			34.31			33.35			-0.15			2.81			2,110,267			4.41			3036			-6.15
34.00			34.10			31.96			-6.15			6.27			2,118,727			4.43			3227			-2.28
32.05			32.60			30.92			-2.28			5.25			1,110,093			2.32			2102			+1.09
31.33			32.01			31.15			+1.09			2.75			802,580			1.68			1602			+1.45
31.83			32.23			31.01			+1.45			3.86			864,800			1.81			1601			-0.28
32.21			32.66			31.71			-0.28			2.96			905,100			1.89			1581			-1.00
32.03			32.03			30.62			-1.00			4.41			1,232,160			2.57			1932			+0.60
31.60			32.00			31.16			+0.60			2.65			1,253,620			2.62			2500			-0.69
32.10			32.10			31.21			-0.69			2.79			832,520			1.74			1985			-1.64
31.21			31.64			30.58			-1.64			3.35			939,288			1.96			2259			-2.44
31.40			31.40			30.00			-2.44			4.50			959,700			2.00			2489			+4.81
30.45			32.49			29.82			+4.81			8.79			1,600,288			3.34			3495			-0.09
31.60			32.58			31.01			-0.09			4.93			1,905,368			3.98			4170			+0.97
31.44			32.25			30.50			+0.97			5.50			1,618,716			3.38			3380			+2.46
32.11			33.23			32.00			+2.46			3.83			1,892,153			3.95			3581			+0.30
32.95			33.68			32.52			+0.30			3.53			2,013,120			4.20			3575			+1.21
32.73			33.53			32.23			+1.21			3.94			1,692,600			3.54			3036			-0.90
33.60			33.64			32.86			-0.90			2.34			1,517,200			3.17			2224			-0.33
33.49			34.48			32.47			-0.33			6.07			2,081,500			4.35			3604			-1.52
32.90			32.90			32.00			-1.52			2.73			1,311,010			2.74			2641			-0.55
32.98			32.98			32.10			-0.55			2.71			1,066,819			2.23			2573			-3.50
32.22			32.56			30.81			-3.50			5.42			1,334,980			2.79			2398			-1.44
31.19			31.24			30.47			-1.44			2.47			765,904			1.60			1890			-0.75
31.23			31.50			30.50			-0.75			3.25			810,000			1.69			2088			+2.79
30.60			31.42			29.99			+2.79			4.69			982,360			2.05			2189			+0.61
31.15			32.01			31.15			+0.61			2.74			856,180			1.79			1533			-2.66
31.65			31.72			30.70			-2.66			3.23			778,160			1.63			1779			+1.43
30.80			31.18			30.38			+1.43			2.61			570,128			1.19			1457			-1.09
31.24			31.47			30.69			-1.09			2.50			659,780			1.38			1396			-2.14
30.88			30.89			30.01			-2.14			2.86			621,242			1.30			1576			+1.09
30.14			30.50			29.62			+1.09			2.92			698,500			1.46			1679			-4.23
30.38			30.38			28.80			-4.23			5.19			1,152,322			2.41			2308			-2.74
29.17			29.17			28.21			-2.74			3.29			708,140			1.48			2031			-6.48
27.43			27.86			26.06			-6.48			6.34			1,047,620			2.19			2061			+0.75
26.62			27.48			26.34			+0.75			4.30			445,280			0.930			1016			-8.56
25.80			25.90			24.17			-8.56			6.47			800,240			1.67			1514			+4.34
25.00			25.82			24.60			+4.34			4.99			911,840			1.90			2729			+10.00
25.00			28.06			24.99			+10.00			12.03			1,285,460			2.68			1610			+2.64
28.98			30.77			28.72			+2.64			7.31			3,985,580			8.32			7715			+6.32
27.98			31.48			27.98			+6.32			12.15			4,275,668			8.93			8244			-5.00
29.99			30.00			29.09			-5.00			2.97			2,562,220			5.35			5239			-1.07
28.45			28.88			27.74			-1.07			3.92			2,184,780			4.56			4429			-22.79
22.07			22.33			21.73			-22.79			2.08			1,592,740			3.33			2777			-3.06
21.78			21.93			21.30			-3.06			2.84			1,921,684			3.09			3753			+0.32
22.00			23.00			21.58			+0.32			6.59			3,346,163			5.38			5131			+10.00
21.56			23.77			21.56			+10.00			10.23			4,062,190			6.53			4834			-0.88
24.16			24.56			23.02			-0.88			6.48			4,996,090			8.03			7278			+2.72
23.60			24.87			23.23			+2.72			6.96			3,754,305			6.03			6044			+1.53
24.15			25.21			23.42			+1.53			7.40			4,531,728			7.28			8329			-7.81
23.65			24.16			22.53			-7.81			6.63			3,410,068			5.48			5103			+10.02
22.94			24.92			22.94			+10.02			8.74			2,699,321			4.34			2929			+9.99
27.41			27.41			26.83			+9.99			2.33			9,182,481			14.75			8775			+10.00
27.41			30.15			27.30			+10.00			10.40			12,062,772			19.38			17527			-6.97
29.00			29.80			27.14			-6.97			8.82			12,176,182			19.56			20083			+4.14
27.69			30.86			27.50			+4.14			11.98			11,821,692			18.99			21730			-5.65
29.21			29.25			27.32			-5.65			6.61			7,877,418			12.66			12493			-6.75
26.80			27.00			24.89			-6.75			7.66			6,620,730			10.64			11113			+0.00
25.70			26.25			25.38			+0.00			3.39			4,829,846			7.76			7187			-6.23
25.93			25.93			23.51			-6.23			9.42			4,912,521			7.89			7727			+2.45
24.20			24.85			23.66			+2.45			4.94			3,385,987			5.44			5380			+3.65
24.48			25.88			24.23			+3.65			6.68			4,601,623			7.39			6723			+2.77
25.31			26.96			25.20			+2.77			6.88			6,137,752			9.86			9728			-2.81
26.00			26.20			25.34			-2.81			3.27			3,407,778			5.48			6483			-4.42
25.40			26.09			24.30			-4.42			7.00			3,155,069			5.07			5102			-1.23
24.41			24.78			23.85			-1.23			3.81			2,047,200			3.29			3098			-2.11
23.96			24.40			23.52			-2.11			3.65			1,972,276			3.17			3237			+4.53
24.30			25.20			24.10			+4.53			4.66			3,626,262			5.83			6976			+0.00
24.60			24.89			24.12			+0.00			3.12			2,577,134			4.14			4903			+1.05
24.88			25.39			24.60			+1.05			3.20			3,100,204			4.98			5652			+1.24
24.93			25.30			24.52			+1.24			3.13			2,454,680			3.94			3589			-3.48
25.18			25.19			24.16			-3.48			4.08			2,108,896			3.39			3526			+0.37
24.34			24.79			24.18			+0.37			2.50			1,466,624			2.36			2552			+1.88
24.45			25.20			24.43			+1.88			3.15			2,364,742			3.80			3793			-3.65
24.74			24.97			23.68			-3.65			5.17			1,947,516			3.13			3778			+5.37
24.67			26.00			24.67			+5.37			5.54			3,636,478			5.84			5218			+0.83
25.91			26.55			25.30			+0.83			4.94			4,321,220			6.94			6513			-4.47
25.14			25.50			24.30			-4.47			4.70			2,502,324			4.02			4203			-0.04
24.43			24.90			24.20			-0.04			2.87			1,754,588			2.82			4082			+2.91
24.58			25.25			24.31			+2.91			3.86			2,762,307			4.44			4826			-6.30
24.40			24.49			23.40			-6.30			4.35			3,210,637			5.16			5753			+3.62
23.50			24.35			23.40			+3.62			4.04			1,808,532			2.91			3761			+0.21
24.55			24.91			24.15			+0.21			3.12			2,121,074			3.41			4701			-1.80
24.37			24.77			23.80			-1.80			3.98			1,571,730			2.53			2847			+6.14
23.88			26.36			23.88			+6.14			10.35			4,922,396			7.91			8276			+3.42
25.10			26.79			25.10			+3.42			6.65			5,638,052			9.06			9440			-0.19
25.90			27.33			25.58			-0.19			6.65			4,730,256			7.60			8507			+3.39
26.52			28.19			26.28			+3.39			7.28			6,904,328			11.09			10954			-2.76
26.71			27.26			26.18			-2.76			3.98			3,753,526			6.03			6114			-0.30
26.18			26.87			25.91			-0.30			3.64			3,362,146			5.40			6648			-4.90
26.69			26.87			24.12			-4.90			10.45			3,483,016			5.60			7967			+9.99
26.05			27.52			25.72			+9.99			7.19			4,298,240			6.91			4507			+9.99
29.00			30.27			27.92			+9.99			8.54			3,782,422			6.08			4597			-5.78
32.00			32.70			28.25			-5.78			14.70			13,228,851			21.25			24989			-3.44
27.98			28.58			27.50			-3.44			3.79			7,707,676			12.38			15088			-0.87
27.63			27.88			27.10			-0.87			2.83			4,162,540			6.69			8215			+0.37
27.22			27.84			26.70			+0.37			4.18			4,818,978			7.74			9326			-2.77
27.17			27.17			26.38			-2.77			2.88			4,185,490			6.72			8628			+1.01
26.40			27.18			26.29			+1.01			3.34			4,130,574			6.64			7951			+0.56
26.00			27.30			25.80			+0.56			5.57			4,185,181			6.72			7563			-3.10
26.60			27.28			26.13			-3.10			4.25			3,283,384			5.28			6285			-4.31
25.60			25.60			24.10			-4.31			5.72			4,005,225			6.44			7088			-2.83
25.10			25.43			24.38			-2.83			4.18			2,587,800			4.16			4873			+3.77
24.65			25.68			24.43			+3.77			5.13			3,138,542			5.04			5774			-3.83
25.50			25.52			24.16			-3.83			5.38			2,860,098			4.60			5436			+2.34
24.53			24.92			24.09			+2.34			3.41			2,244,083			3.61			3601			+1.57
24.77			25.82			24.50			+1.57			5.30			3,355,126			5.39			5804			+0.16
25.78			26.03			25.28			+0.16			2.97			3,241,417			5.21			5545			-0.67
24.45			25.32			24.24			-0.67			4.26			2,373,278			3.81			4762			-0.52
25.16			25.49			24.93			-0.52			2.23			1,901,850			3.06			3825			+3.56
25.45			26.00			25.11			+3.56			3.56			3,104,474			4.99			4795			+3.40
25.88			26.89			25.61			+3.40			4.94			4,244,791			6.82			6818			+0.56
26.55			27.19			26.40			+0.56			2.95			3,600,364			5.78			6478			-1.78
26.74			26.99			26.21			-1.78			2.89			2,143,194			3.44			3677			-2.72
26.47			26.47			25.60			-2.72			3.29			2,182,675			3.51			3936			-1.20
25.00			25.66			24.80			-1.20			3.34			1,544,245			2.48			2869			+1.22
25.50			26.08			25.50			+1.22			2.28			1,729,837			2.78			3274			-1.94
25.68			25.68			25.20			-1.94			1.86			1,291,486			2.08			2850			-0.20
25.28			25.78			25.20			-0.20			2.30			1,419,961			2.28			2997			+2.58
25.48			26.35			25.40			+2.58			3.77			3,337,595			5.36			5613			+3.98
25.70			26.88			25.20			+3.98			6.50			3,948,870			6.34			6593			+2.75
26.63			27.78			26.60			+2.75			4.39			5,242,502			8.42			8319			+0.04
27.55			28.04			27.02			+0.04			3.69			4,349,970			6.99			6812			+0.29
27.65			28.60			27.65			+0.29			3.44			6,059,554			9.74			9768			+2.60
28.10			29.50			28.10			+2.60			5.05			6,563,751			10.55			9424			+3.76
28.69			29.75			28.26			+3.76			5.24			5,042,872			8.10			8481			-2.68
29.39			29.40			28.40			-2.68			3.39			5,166,909			8.30			7770			-1.29
28.78			28.98			28.20			-1.29			2.72			3,657,612			5.88			7063			+0.95
28.60			29.15			28.36			+0.95			2.79			3,295,756			5.30			7060			+1.01
28.61			29.45			28.56			+1.01			3.11			3,941,224			6.33			6766			-4.91
28.66			28.76			27.23			-4.91			5.29			4,325,162			6.95			7734			+0.00
27.48			27.86			27.14			+0.00			2.62			2,595,977			4.17			5402			+10.01
27.59			30.23			27.31			+10.01			10.63			5,470,419			8.79			7260			-4.43
31.00			31.50			28.89			-4.43			8.63			9,464,509			15.21			17278			+6.27
29.17			30.94			29.00			+6.27			6.72			8,651,340			13.90			16219			+0.00
30.25			31.87			29.68			+0.00			7.13			8,588,302			13.80			16205			-2.90
30.14			30.49			29.24			-2.90			4.07			4,616,440			7.42			8041			-1.31
29.99			31.80			29.24			-1.31			8.59			6,909,310			11.10			11124			+9.99
28.75			32.36			28.75			+9.99			12.27			4,689,967			7.54			5269			-2.53
32.66			33.81			30.85			-2.53			9.15			8,481,579			13.63			13831			+3.77
31.65			34.35			31.08			+3.77			10.37			8,133,697			13.07			15218			+9.99
31.90			36.00			31.58			+9.99			13.50			10,445,463			16.78			16693			-0.42
34.98			37.80			34.75			-0.42			8.47			12,167,636			19.55			21896			-2.85
35.30			36.40			34.38			-2.85			5.63			8,439,838			13.56			17517			+2.44
34.90			36.59			34.09			+2.44			7.18			7,326,098			11.77			14823			-2.80
35.35			35.50			34.30			-2.80			3.36			5,314,910			8.54			11753			-2.48
34.05			34.95			33.08			-2.48			5.39			5,154,589			8.28			12020			-0.80
33.55			34.30			32.88			-0.80			4.20			4,293,969			6.90			11445			-4.17
33.38			33.65			31.98			-4.17			4.98			4,311,012			6.93			10043			+1.68
32.56			33.20			32.15			+1.68			3.27			3,539,010			5.69			8378			+4.16
32.73			34.38			32.48			+4.16			5.81			5,360,826			8.61			12029			-1.38
33.60			34.14			33.30			-1.38			2.47			3,696,864			5.94			7902			-4.85
33.19			33.39			31.32			-4.85			6.16			5,204,082			8.36			10946			-0.38
32.00			32.25			31.18			-0.38			3.35			3,744,906			6.02			9965			+8.17
32.23			34.80			31.61			+8.17			10.02			6,449,645			10.36			15469			-3.14
33.90			34.10			33.20			-3.14			2.61			4,110,134			6.60			10712			+0.84
33.00			34.50			32.02			+0.84			7.44			5,115,188			8.22			11080			-4.10
33.02			34.30			32.13			-4.10			6.45			4,297,441			6.90			11521			+1.24
31.46			32.88			31.10			+1.24			5.52			3,390,291			5.45			9055			+1.87
32.58			33.50			32.28			+1.87			3.74			3,339,932			5.37			8850			-9.65
32.53			32.88			29.93			-9.65			8.87			8,569,797			13.77			17067			+1.16
30.32			31.20			30.02			+1.16			3.93			4,335,632			6.97			13257			+4.38
30.27			32.20			30.10			+4.38			6.91			4,678,559			7.52			13776			-1.04
32.18			32.80			31.14			-1.04			5.23			3,411,244			5.48			10570			-3.98
31.43			31.49			29.93			-3.98			4.97			3,063,220			4.92			8615			+0.36
30.23			30.31			29.37			+0.36			3.12			2,632,872			4.23			8436			-1.19
30.01			30.40			29.41			-1.19			3.27			2,780,454			4.47			9134			+0.57
29.63			30.43			29.60			+0.57			2.78			2,596,876			4.17			6981			-3.19
29.37			29.80			28.93			-3.19			2.89			2,542,870			4.09			7699			+1.37
29.15			29.88			29.15			+1.37			2.51			1,960,510			3.15			6488			+1.86
29.56			30.17			29.50			+1.86			2.27			1,873,920			3.01			5515			-1.70
29.99			30.17			29.35			-1.70			2.73			1,857,740			2.98			5498			+0.10
29.33			30.05			29.11			+0.10			3.18			1,561,377			2.51			4869			-1.86
29.39			30.18			28.68			-1.86			5.07			2,706,314			4.35			8043			-0.86
28.70			29.49			28.28			-0.86			4.17			1,617,128			2.60			5442			+0.66
28.78			29.15			28.60			+0.66			1.91			962,730			1.55			3480			+1.66
28.95			29.98			28.52			+1.66			5.04			2,095,392			3.37			6343			-0.61
29.30			29.45			28.88			-0.61			1.94			1,486,044			2.39			4417			+2.77
29.26			30.16			29.11			+2.77			3.59			2,782,658			4.47			6396			+1.33
30.20			30.73			29.75			+1.33			3.26			3,415,130			5.49			8331			+0.00
30.00			30.50			29.65			+0.00			2.79			2,570,582			4.13			7064			-1.64
30.10			30.53			29.88			-1.64			2.13			2,079,079			3.34			5993			+1.60
30.10			30.67			29.80			+1.60			2.90			3,200,094			5.14			6424			+2.76
30.50			31.36			30.10			+2.76			4.14			3,611,932			5.80			8164			-0.64
31.64			31.87			30.80			-0.64			3.42			3,283,161			5.28			7971			+0.55
30.89			31.44			30.50			+0.55			3.02			2,747,861			4.41			5985			+2.01
31.00			32.29			30.95			+2.01			4.29			3,805,386			6.11			7533			+3.13
31.69			34.32			31.62			+3.13			8.46			6,171,258			9.92			11996			-0.67
32.88			33.20			32.19			-0.67			3.07			3,591,556			5.77			7019			+4.16
32.70			34.25			32.35			+4.16			5.81			4,822,187			7.75			9431			+1.12
33.71			34.62			33.43			+1.12			3.50			4,178,183			6.71			7621			-1.74
34.00			34.32			33.63			-1.74			2.00			3,185,541			5.12			5505			-1.42
33.77			33.77			33.16			-1.42			1.80			2,278,354			3.66			4204			-2.25
33.38			33.38			32.50			-2.25			2.64			2,019,154			3.24			3723			-1.50
32.48			33.18			31.40			-1.50			5.46			2,237,700			3.60			4495			+10.00
32.30			35.31			32.22			+10.00			9.63			7,150,885			11.49			12541			+2.10
35.68			37.15			34.62			+2.10			7.17			8,331,715			13.39			16061			+2.88
35.75			37.40			35.55			+2.88			5.13			7,865,884			12.64			15613			-4.02
36.74			36.75			35.37			-4.02			3.72			5,801,951			9.32			12375			-2.47
34.71			35.11			33.55			-2.47			4.38			4,558,617			7.32			9453			-1.56
34.77			35.24			33.78			-1.56			4.21			3,355,006			5.39			7742			+2.98
34.35			35.30			34.18			+2.98			3.28			4,581,139			7.36			10258			-0.60
34.99			35.43			34.73			-0.60			1.99			3,480,503			5.59			6211			-1.54
34.00			35.08			33.63			-1.54			4.14			4,091,956			6.57			7852			+0.38
34.90			35.22			34.20			+0.38			2.96			2,310,552			3.71			5385			-3.27
34.21			34.59			33.34			-3.27			3.61			3,346,383			5.38			7299			+2.15
33.85			34.55			33.70			+2.15			2.54			2,374,817			3.82			5153			-0.15
34.52			34.97			33.90			-0.15			3.13			2,969,252			4.77			6721			+4.60
34.28			35.83			34.11			+4.60			5.04			5,540,199			8.90			11620			+0.06
35.54			36.32			34.93			+0.06			3.89			4,960,582			7.97			10236			+1.74
35.45			36.33			34.99			+1.74			3.75			4,080,441			6.56			8257			+2.09
36.03			38.20			36.03			+2.09			5.97			6,672,075			10.72			12428			+0.57
37.03			37.78			36.63			+0.57			3.10			4,440,689			7.13			7993			+7.18
36.99			40.78			36.88			+7.18			10.46			6,609,888			10.62			10877			+0.05
39.52			40.76			39.18			+0.05			3.95			4,727,849			7.60			9350			+6.00
39.40			43.78			38.30			+6.00			13.70			6,182,044			9.93			11576			-5.78
41.58			42.10			38.16			-5.78			9.29			5,881,757			9.45			11580			-9.99
35.96			35.96			35.96			-9.99			0.00			322,300			0.518			484			-2.50
32.36			35.89			32.36			-2.50			9.82			6,438,513			10.34			9802			-0.68
35.00			36.95			34.65			-0.68			6.56			5,576,915			8.96			9919			+1.49
34.52			35.72			34.20			+1.49			4.37			4,877,856			7.84			9639			+9.99
35.00			38.87			34.63			+9.99			12.00			7,860,071			12.63			13630			+1.41
39.00			39.66			37.68			+1.41			5.09			6,875,860			11.05			13973			+0.10
38.55			40.99			38.39			+0.10			6.60			6,867,411			11.03			14378			+3.14
38.91			41.49			38.58			+3.14			7.37			6,910,990			11.10			13635			+0.93
40.37			42.96			40.07			+0.93			7.10			7,439,656			11.95			14208			+0.97
40.20			42.86			40.16			+0.97			6.57			7,481,481			12.02			15405			+6.10
41.90			44.71			41.26			+6.10			8.32			7,442,825			11.96			14596			+7.48
43.74			47.85			43.50			+7.48			9.88			8,465,854			13.60			15813			-2.41
47.00			49.30			45.00			-2.41			9.09			9,083,828			14.59			17123			-0.17
46.00			47.00			44.10			-0.17			6.28			7,418,793			11.92			14825			+7.86
45.50			49.77			45.50			+7.86			9.27			7,882,165			12.66			15046			+4.43
49.50			52.89			48.30			+4.43			9.24			8,367,841			13.44			14914			+0.60
49.80			53.80			47.80			+0.60			11.56			8,229,375			13.22			17099			-10.00
50.31			52.20			46.99			-10.00			9.98			6,773,564			10.88			14624			-3.34
46.56			47.66			44.01			-3.34			7.77			5,640,569			9.06			14089			-5.42
42.72			44.87			41.86			-5.42			6.63			5,363,775			8.62			14453			+4.03
43.90			45.20			42.93			+4.03			5.28			4,421,200			7.10			11145			+0.34
45.56			47.18			43.90			+0.34			7.34			4,315,413			6.93			11906			-0.89
44.00			45.38			42.66			-0.89			6.07			3,976,738			6.39			10972			-1.67
45.15			45.68			42.50			-1.67			7.16			3,904,203			6.27			10262			-1.37
42.41			44.10			42.40			-1.37			3.89			2,536,446			4.08			8102			-6.54
42.34			42.87			39.88			-6.54			6.94			3,268,879			5.25			9546			+5.31
39.99			42.64			39.90			+5.31			6.80			3,852,436			6.19			10355			-2.64
42.44			43.25			41.01			-2.64			5.28			3,138,260			5.04			9079			-3.15
38.60			41.38			38.12			-3.15			7.89			3,330,650			5.35			10045			+10.00
38.20			44.00			38.20			+10.00			14.50			6,945,885			11.16			12695			-0.91
45.78			46.28			43.50			-0.91			6.32			10,156,833			16.32			25110			+8.39
45.00			47.85			43.62			+8.39			9.70			9,060,475			14.56			23116			-1.02
47.24			49.90			46.10			-1.02			8.04			10,566,724			16.98			29261			+3.04
45.29			48.60			45.06			+3.04			7.57			9,377,916			15.07			23167			-5.62
47.92			48.03			43.60			-5.62			9.19			8,719,645			14.01			21213			-10.00
43.00			44.71			40.94			-10.00			8.29			4,246,013			6.82			10186			-5.52
41.40			42.00			36.91			-5.52			12.43			6,164,201			9.90			13689			+2.56
39.62			40.18			39.20			+2.56			2.53			3,925,925			6.31			11316			-3.50
40.07			40.45			38.03			-3.50			6.10			4,040,683			6.49			12154			-3.74
39.00			39.86			36.70			-3.74			8.25			3,752,086			6.03			11365			-6.21
36.24			36.24			33.20			-6.21			8.25			3,212,566			5.16			11154			+0.90
35.52			36.49			34.62			+0.90			5.41			2,950,616			4.74			9610			-0.29
34.41			36.20			34.14			-0.29			5.91			2,785,703			4.48			9023			+5.26
34.71			36.80			34.14			+5.26			7.65			3,359,425			5.40			9057			-3.01
36.27			36.48			35.11			-3.01			3.74			2,713,120			4.36			7653			+2.48
36.33			36.57			35.76			+2.48			2.28			2,827,117			4.54			7586			+1.15
36.00			37.40			35.83			+1.15			4.32			3,001,678			4.82			7291			-1.63
37.02			37.10			36.01			-1.63			2.96			2,339,617			3.76			5604			-5.08
35.85			36.20			34.20			-5.08			5.52			2,615,110			2.39			7418			+0.96
34.35			34.70			33.39			+0.96			3.81			1,607,320			1.47			5243			+1.61
34.42			35.29			34.42			+1.61			2.51			1,739,100			1.59			5151			-0.40
35.20			36.11			34.90			-0.40			3.43			2,115,010			1.94			6535			+1.65
35.08			35.96			34.00			+1.65			5.58			2,019,720			1.85			6626			+1.20
35.98			36.97			35.81			+1.20			3.25			2,870,879			2.63			8190			+1.05
36.11			36.52			35.38			+1.05			3.16			1,810,744			1.66			5573			-1.45
36.36			36.36			35.20			-1.45			3.18			1,705,308			1.56			5881			+2.53
35.21			37.84			35.10			+2.53			7.62			3,271,262			3.00			9934			-3.69
36.60			36.88			35.40			-3.69			4.01			2,134,410			1.95			6424			-3.80
35.66			35.66			34.08			-3.80			4.45			1,736,400			1.59			4660			+2.46
34.51			35.25			33.70			+2.46			4.54			1,242,458			1.14			3462			+5.68
35.05			37.70			34.00			+5.68			10.57			3,882,140			3.56			10529			+2.57
36.45			38.28			36.45			+2.57			4.95			3,869,009			3.54			11363			+9.49
38.29			41.65			37.57			+9.49			10.75			5,294,474			4.85			13449			-15.60
31.88			35.07			31.49			-15.60			8.62			4,630,071			4.24			8711			-6.19
35.40			36.23			32.68			-6.19			10.12			10,323,263			7.27			24169			+2.16
32.65			34.22			32.63			+2.16			4.83			7,930,961			5.59			17966			+0.45
33.41			34.94			33.11			+0.45			5.44			7,687,576			5.42			17568			-1.51
33.15			33.33			32.22			-1.51			3.29			6,252,198			4.40			16695			+3.16
33.18			34.57			32.70			+3.16			5.62			6,794,292			4.79			15826			+3.50
34.00			35.98			33.81			+3.50			6.33			10,601,657			7.47			22459			+0.56
35.47			37.02			34.85			+0.56			6.11			9,513,871			6.70			20376			+0.14
36.10			37.58			35.10			+0.14			6.95			10,574,295			7.45			22023			+6.01
35.80			38.05			34.75			+6.01			9.23			13,675,902			9.63			25713			-3.48
37.16			38.80			36.30			-3.48			6.60			10,642,614			7.50			22153			-7.11
36.21			36.51			33.80			-7.11			7.41			9,115,048			6.42			19807			+2.91
34.00			35.60			33.56			+2.91			6.00			7,744,338			5.46			16170			+6.78
34.62			38.20			34.00			+6.78			12.01			11,333,746			7.98			24566			-0.03
37.18			37.64			36.55			-0.03			2.92			10,157,304			7.16			23697			+0.24
36.98			38.58			36.27			+0.24			6.19			11,773,852			8.29			24838			-0.94
36.95			37.17			34.90			-0.94			6.07			8,572,393			6.04			18731			+5.42
36.52			40.78			36.30			+5.42			12.09			17,035,693			12.00			31250			+4.48
38.78			41.55			38.70			+4.48			7.29			15,503,416			10.92			27590			+9.99
40.30			44.91			39.90			+9.99			12.27			16,949,527			11.94			31289			+9.98
44.80			49.40			44.38			+9.98			11.18			20,149,121			14.19			36956			-7.92
47.70			48.10			44.45			-7.92			7.39			18,014,149			12.69			40080			-2.22
44.60			47.06			43.81			-2.22			7.15			13,896,030			9.79			34584			-2.74
44.30			45.66			42.51			-2.74			7.08			11,683,131			8.23			29710			+3.65
43.19			45.01			42.60			+3.65			5.57			9,593,303			6.76			24662			-4.19
43.99			44.23			42.50			-4.19			3.86			8,039,564			5.66			21413			-1.14
42.65			43.80			42.15			-1.14			3.84			6,898,452			4.86			16964			+0.09
41.10			42.99			41.10			+0.09			4.45			5,791,082			4.08			14734			+0.09
42.05			43.50			41.33			+0.09			5.11			6,758,205			4.76			16276			+0.80
43.32			43.60			42.19			+0.80			3.31			6,148,325			4.33			14334			-3.43
42.98			42.98			40.52			-3.43			5.74			8,094,158			5.70			19714			+0.58
41.30			42.53			40.61			+0.58			4.64			6,065,946			4.27			14719			+1.80
41.43			42.55			40.80			+1.80			4.20			6,428,562			4.53			16204			+6.11
42.80			45.00			42.80			+6.11			5.19			10,847,848			7.64			24939			+1.11
45.08			46.50			44.22			+1.11			5.07			8,834,132			6.22			20885			-1.45
45.10			46.68			44.71			-1.45			4.33			7,728,853			5.44			18784			-1.72
44.24			45.60			43.53			-1.72			4.62			5,208,934			3.67			13818			+2.02
44.43			45.45			44.01			+2.02			3.27			5,610,914			3.95			13891			-3.56
44.96			44.96			42.57			-3.56			5.32			6,613,124			4.66			17341			+1.01
43.09			44.45			42.67			+1.01			4.11			5,691,253			4.01			15381			-0.96
42.70			44.30			42.02			-0.96			5.21			6,678,351			4.70			16372			+5.83
43.56			46.60			43.56			+5.83			7.01			9,200,130			6.48			23781			+1.76
46.56			49.31			46.11			+1.76			6.97			11,960,961			8.43			27225			+3.81
46.90			48.59			45.85			+3.81			5.87			9,160,717			6.45			24015			+1.01
48.32			50.38			47.70			+1.01			5.53			10,227,881			7.20			26909			+10.00
48.08			53.88			47.60			+10.00			12.82			11,720,103			8.26			21750			+10.00
56.57			59.27			54.11			+10.00			9.58			13,032,101			9.18			28661			-1.48
59.53			60.68			55.08			-1.48			9.45			11,975,380			8.44			31518			-10.00
57.54			58.20			52.55			-10.00			9.68			10,338,587			7.28			29875			-9.99
51.61			52.55			47.30			-9.99			9.99			8,367,768			5.89			21660			-1.78
47.50			48.37			45.31			-1.78			6.47			5,514,968			3.88			14902			+7.40
47.44			50.02			45.60			+7.40			9.51			6,123,194			4.31			16139			+1.70
50.00			51.85			49.57			+1.70			4.57			5,869,921			4.13			15477			+1.08
50.00			51.99			49.50			+1.08			4.91			5,754,928			4.05			15227			-1.60
50.28			50.93			48.70			-1.60			4.35			5,181,545			3.65			14335			-5.94
49.50			51.80			47.07			-5.94			9.37			6,231,002			4.39			16100			+2.34
48.18			48.97			47.48			+2.34			3.14			4,749,382			3.35			12219			-5.27
48.38			48.84			44.88			-5.27			8.15			6,224,305			4.38			18627			+2.32
43.86			47.25			43.86			+2.32			7.36			5,812,017			4.09			16713			-3.93
46.91			47.75			45.07			-3.93			5.69			4,610,610			3.25			13619			+1.41
45.16			46.48			44.90			+1.41			3.49			4,603,848			3.24			12894			+6.19
46.10			48.97			46.10			+6.19			6.25			6,115,702			4.31			16771			+5.15
48.47			51.46			47.11			+5.15			8.93			8,264,363			5.82			22623			-0.70
53.00			54.08			50.50			-0.70			6.99			8,641,839			6.09			25349			+1.38
50.02			52.48			49.37			+1.38			6.11			6,157,534			4.34			17712			-4.87
50.89			51.48			47.48			-4.87			7.75			5,328,209			3.75			15707			-2.36
48.02			48.90			46.45			-2.36			4.99			3,819,854			2.69			10757			-1.80
47.75			48.26			46.66			-1.80			3.34			2,563,776			1.81			7651			+7.46
47.10			50.60			46.42			+7.46			8.88			5,269,594			3.71			13733			-1.09
50.20			51.50			49.88			-1.09			3.20			4,897,763			3.45			13559			+1.64
49.48			51.00			49.48			+1.64			3.04			3,534,236			2.49			10786			+3.07
51.07			52.39			50.36			+3.07			3.99			5,203,545			3.67			14682			-1.41
52.25			53.00			51.30			-1.41			3.24			3,845,721			2.71			10628			-7.45
51.10			51.11			47.78			-7.45			6.45			4,927,972			3.47			13347			+1.30
47.70			48.92			47.08			+1.30			3.85			2,335,465			1.65			6656			-2.09
48.65			49.28			46.49			-2.09			5.76			3,184,409			2.24			8471			+0.82
47.33			48.43			46.20			+0.82			4.70			2,601,484			1.83			7616			-0.73
47.76			48.18			47.20			-0.73			2.05			1,676,568			1.18			4690			-6.91
47.30			47.30			43.88			-6.91			7.21			3,896,849			2.75			11055			+1.31
43.86			45.50			43.03			+1.31			5.59			2,438,973			1.72			7268			+1.90
44.56			45.80			44.06			+1.90			3.89			2,189,670			1.54			6424			+0.02
45.65			46.25			44.75			+0.02			3.29			2,324,716			1.64			6770			+0.20
45.23			45.94			44.61			+0.20			2.92			1,364,274			0.961			4045			-2.45
45.91			45.91			44.58			-2.45			2.91			1,695,757			1.19			4851			-0.18
44.58			45.50			44.31			-0.18			2.67			1,644,388			1.16			4927			+2.18
44.22			45.98			43.71			+2.18			5.10			2,401,361			1.69			7973			-3.01
45.45			45.95			44.06			-3.01			4.16			2,287,622			1.61			6599			-3.27
44.02			44.98			41.35			-3.27			8.23			2,734,478			1.93			8223			-5.46
41.69			42.88			39.45			-5.46			8.04			2,592,299			1.83			7464			-1.69
40.89			41.35			39.00			-1.69			5.83			1,774,986			1.25			5178			+0.88
39.65			40.45			39.25			+0.88			3.03			1,431,551			1.01			4682			+1.43
40.28			41.30			40.01			+1.43			3.23			1,466,180			1.03			4461			+1.06
40.64			41.80			39.66			+1.06			5.27			2,055,946			1.45			6184			-2.00
40.70			41.10			39.62			-2.00			3.61			1,638,026			1.15			5134			+4.98
40.30			42.73			40.28			+4.98			6.10			3,706,932			2.61			10978			+1.21
41.80			43.14			41.52			+1.21			3.84			2,973,657			2.09			8785			-0.21
42.53			43.11			42.15			-0.21			2.25			1,804,342			1.27			5430			-2.09
42.05			42.38			41.40			-2.09			2.30			1,403,714			0.989			4625			+1.94
41.66			42.97			41.47			+1.94			3.60			1,790,594			1.26			6233			-2.28
42.12			42.68			41.10			-2.28			3.72			1,439,340			1.01			5671			-2.17
41.53			41.88			40.05			-2.17			4.40			1,501,436			1.06			5095			-1.60
40.35			40.60			39.84			-1.60			1.87			931,683			0.656			3571			+2.85
40.20			41.43			40.20			+2.85			3.08			1,430,616			1.01			5179			-1.51
41.00			41.29			40.23			-1.51			2.58			971,796			0.685			3601			+5.03
41.00			42.66			40.99			+5.03			4.12			1,855,438			1.31			6555			+3.81
43.00			44.29			42.61			+3.81			3.95			2,458,497			1.73			8373			+0.05
44.21			44.50			43.70			+0.05			1.81			1,494,139			1.05			5429			-1.88
44.00			44.14			43.19			-1.88			2.15			1,539,280			1.08			5217			-1.15
43.58			44.18			42.81			-1.15			3.16			1,253,622			0.883			4893			+0.65
43.17			43.83			42.68			+0.65			2.68			956,827			0.674			3701			-1.69
43.05			43.45			42.06			-1.69			3.22			1,012,210			0.713			4055			+2.31
42.79			43.40			42.13			+2.31			2.99			1,009,352			0.711			3552			-4.61
43.41			43.48			41.10			-4.61			5.48			1,647,110			1.16			6170			-0.89
41.00			41.93			40.60			-0.89			3.21			1,153,393			0.812			4432			-3.68
40.80			41.32			39.39			-3.68			4.70			1,547,155			1.09			5676			-0.38
39.42			40.57			38.88			-0.38			4.28			1,046,153			0.737			3402			-0.33
39.38			40.13			38.81			-0.33			3.35			940,413			0.662			3033			+0.66
39.24			39.52			38.56			+0.66			2.45			1,211,779			0.854			3883			-1.87
38.66			39.15			38.60			-1.87			1.39			1,012,328			0.713			3490			+0.46
38.75			40.13			38.65			+0.46			3.82			1,936,128			1.36			6526			-4.70
38.50			38.83			36.65			-4.70			5.60			2,374,633			1.67			7531			+4.90
37.30			39.15			37.23			+4.90			5.17			1,964,616			1.38			7058			-0.15
39.42			39.45			38.50			-0.15			2.44			1,297,915			0.914			4679			+2.75
39.21			40.15			38.65			+2.75			3.86			1,641,308			1.16			5772			+0.65
39.94			40.45			39.50			+0.65			2.38			1,758,048			1.24			5899			+4.53
40.44			42.85			40.24			+4.53			6.49			3,698,171			2.61			11016			-2.36
42.02			42.02			40.88			-2.36			2.71			2,116,860			1.49			6775			-4.80
40.69			40.96			38.80			-4.80			5.26			2,430,498			1.71			7286			+0.38
39.10			39.65			38.85			+0.38			2.05			1,146,346			0.808			3652			+0.92
38.95			39.93			38.50			+0.92			3.65			1,246,374			0.878			4690			-0.58
39.58			39.80			38.92			-0.58			2.22			865,858			0.610			3156			-1.53
39.19			39.34			37.82			-1.53			3.86			1,654,076			1.17			5496			-0.72
38.74			39.21			38.20			-0.72			2.61			1,320,741			0.930			4043			+0.23
38.22			38.89			38.06			+0.23			2.16			1,017,790			0.717			3017			+0.31
38.65			38.78			38.12			+0.31			1.71			952,163			0.671			2927			-0.31
38.83			38.83			38.20			-0.31			1.63			949,266			0.669			2820			+0.26
38.68			39.20			38.50			+0.26			1.82			1,681,034			1.18			4379			-2.07
38.70			38.88			37.65			-2.07			3.18			1,461,180			1.03			4020			-1.03
37.75			38.18			37.41			-1.03			2.03			910,634			0.641			2478			+1.31
37.72			37.96			37.11			+1.31			2.27			975,987			0.688			2618			+1.11
37.95			38.76			37.40			+1.11			3.58			1,611,300			1.14			4082			+0.05
38.37			39.00			37.93			+0.05			2.79			1,122,129			0.790			2871			+1.69
38.10			39.37			38.10			+1.69			3.31			2,233,544			1.57			5420			-0.74
38.70			39.20			38.60			-0.74			1.54			1,525,182			1.07			4132			+1.21
38.75			39.28			38.36			+1.21			2.37			1,590,067			1.12			3728			-1.33
39.50			39.82			38.70			-1.33			2.86			1,699,420			1.20			4313			-0.05
38.52			39.09			38.42			-0.05			1.73			1,022,057			0.720			2546			-2.90
38.68			38.87			37.50			-2.90			3.54			1,315,521			0.927			3706			-3.75
37.43			37.60			36.07			-3.75			4.07			2,143,433			1.51			5600			-3.18
36.31			36.40			34.03			-3.18			6.56			3,133,903			2.21			6966			-0.31
34.00			35.24			34.00			-0.31			3.54			1,419,766			1.00			3983			-0.11
34.89			35.08			34.37			-0.11			2.03			891,699			0.628			2780			-1.15
34.65			34.74			34.28			-1.15			1.32			849,290			0.598			2257			+1.42
34.45			36.20			34.45			+1.42			5.08			3,667,938			2.58			7011			-0.80
35.36			35.88			34.45			-0.80			4.09			2,942,997			2.07			6795			+3.46
34.36			36.36			34.16			+3.46			6.35			2,610,955			1.84			6757			-1.81
35.48			36.01			35.15			-1.81			2.40			1,711,804			1.21			4686			+1.28
35.24			35.93			34.68			+1.28			3.55			2,227,429			1.57			5106			-2.30
35.64			35.78			34.72			-2.30			2.97			1,391,383			0.980			3297			-2.21
34.70			35.00			34.05			-2.21			2.73			1,749,354			1.23			3951			-5.78
34.07			34.83			32.05			-5.78			8.16			2,594,247			1.83			6076			+4.27
32.04			33.90			32.02			+4.27			5.86			2,364,051			1.67			6595			-1.08
33.28			33.67			32.80			-1.08			2.60			1,195,240			0.842			4110			+3.53
33.00			34.30			32.91			+3.53			4.20			1,793,910			1.26			5125			+1.08
34.15			34.85			33.68			+1.08			3.41			1,676,869			1.18			4337			+0.92
34.50			35.15			34.27			+0.92			2.54			1,673,601			1.18			4661			-2.60
34.96			35.14			33.81			-2.60			3.80			1,771,991			1.25			4671			-2.85
34.15			34.96			32.49			-2.85			7.25			1,833,413			1.29			5171			-0.39
32.80			33.30			32.22			-0.39			3.26			1,324,669			0.933			4308			-1.55
32.95			33.33			32.08			-1.55			3.79			1,632,666			1.15			4861			-2.10
32.45			32.75			31.50			-2.10			3.85			1,799,481			1.27			4639			-2.42
31.96			31.96			30.32			-2.42			5.16			1,930,599			1.36			4679			+5.48
31.00			33.19			30.71			+5.48			8.00			2,528,077			1.78			6962			+0.61
32.71			33.75			32.28			+0.61			4.50			2,093,239			1.47			6286			+5.11
32.90			35.13			32.51			+5.11			7.96			3,134,467			2.21			7588			-1.39
35.12			35.38			33.86			-1.39			4.40			2,915,437			2.05			7264			-0.67
34.09			34.56			33.65			-0.67			2.67			1,331,565			0.938			3920			-0.68
33.88			34.20			33.00			-0.68			3.54			1,743,873			1.23			4679			-0.83
33.64			33.64			32.71			-0.83			2.76			1,661,254			1.17			4508			-4.50
32.93			32.93			31.40			-4.50			4.59			2,027,668			1.43			4774			-0.94
31.84			32.58			31.45			-0.94			3.55			1,287,914			0.907			3501			-1.08
31.75			31.77			30.94			-1.08			2.63			1,157,470			0.815			3173			-2.63
30.83			31.44			30.39			-2.63			3.36			1,100,988			0.776			3025			-4.34
30.55			30.90			28.90			-4.34			6.58			2,255,900			1.59			5451			-0.24
28.99			29.39			28.66			-0.24			2.51			1,274,402			0.898			3260			+0.41
29.40			29.40			28.58			+0.41			2.83			1,213,996			0.855			3726			-3.88
29.10			29.10			27.92			-3.88			4.05			1,726,621			1.22			4777			-2.39
27.90			28.19			26.52			-2.39			5.96			1,916,900			1.35			5219			-2.82
27.33			27.98			26.50			-2.82			5.42			1,463,618			1.03			4969			-2.60
25.50			26.36			24.63			-2.60			6.51			2,212,422			1.56			6521			+4.56
26.35			27.25			25.83			+4.56			5.49			1,844,812			1.30			6701			-0.22
27.20			27.50			26.69			-0.22			2.99			949,938			0.669			3636			+3.93
27.58			28.56			27.58			+3.93			3.63			1,555,729			1.10			5238			+2.82
28.40			29.05			27.88			+2.82			4.17			1,441,452			1.02			4836			-0.83
28.96			29.45			28.55			-0.83			3.12			1,882,597			1.33			4937			-1.43
28.60			28.60			27.78			-1.43			2.87			1,213,069			0.855			4263			+4.61
28.36			30.68			28.30			+4.61			8.44			2,930,844			2.06			8505			-0.64
29.06			30.29			29.06			-0.64			4.17			1,863,028			1.31			6578			-1.02
28.19			29.32			28.03			-1.02			4.40			1,330,425			0.937			5022			+4.07
29.25			30.19			29.07			+4.07			3.86			1,590,866			1.12			5147			+1.09
30.21			30.72			29.85			+1.09			2.88			1,719,719			1.21			5648			-0.62
30.51			30.51			29.60			-0.62			2.98			1,288,134			0.907			3700			+1.19
30.02			31.62			30.02			+1.19			5.28			1,965,685			1.38			5436			-0.10
30.10			30.89			30.10			-0.10			2.57			1,527,929			1.08			4920			-2.97
30.65			30.88			29.54			-2.97			4.37			1,440,963			1.02			4129			-3.43
29.54			29.91			27.85			-3.43			6.93			1,735,578			1.22			5977			-3.03
28.90			29.73			27.80			-3.03			6.72			1,438,719			1.01			4744			+2.30
27.77			28.60			27.18			+2.30			5.10			1,770,377			1.25			5434			-3.44
28.50			28.76			27.30			-3.44			5.12			2,019,490			1.42			5064			-2.22
27.26			27.79			26.46			-2.22			4.83			1,756,134			1.24			6545			-0.33
26.78			27.49			26.55			-0.33			3.49			1,370,230			0.965			5188			+0.34
26.87			27.18			26.56			+0.34			2.31			1,426,190			1.00			4620			-1.19
26.91			27.40			26.50			-1.19			3.35			1,521,480			1.07			4640			-0.38
26.54			26.91			26.31			-0.38			2.26			1,386,302			0.977			4412			+3.32
26.54			27.80			26.52			+3.32			4.83			1,612,680			1.14			4974			+4.09
28.40			30.10			28.32			+4.09			6.51			11,353,219			8.00			18156			-10.01
27.46			28.10			25.63			-10.01			8.67			12,264,462			8.64			25163			-6.16
24.89			24.90			23.78			-6.16			4.37			10,334,652			7.28			18868			+5.70
24.04			26.18			23.83			+5.70			9.77			9,689,100			6.83			19933			+9.99
25.73			27.96			25.38			+9.99			10.15			7,533,184			5.31			12629			-0.68
28.20			29.27			27.66			-0.68			5.76			11,385,262			8.02			25575			-1.91
27.45			27.66			26.55			-1.91			4.00			7,257,694			5.11			18834			+3.16
27.30			28.85			26.60			+3.16			8.26			8,495,274			5.98			19389			+4.59
28.20			29.50			27.85			+4.59			5.87			9,680,235			6.82			20395			-1.46
29.60			30.55			28.51			-1.46			6.94			6,386,731			4.50			14150			+1.00
28.96			29.58			28.37			+1.00			4.18			5,452,321			3.84			11543			-1.37
28.91			29.46			28.74			-1.37			2.46			4,661,563			3.28			11755			-0.94
28.80			29.20			28.20			-0.94			3.47			3,442,113			2.42			8332			-3.32
28.58			28.60			27.58			-3.32			3.57			3,182,329			2.24			8672			-0.94
27.60			28.15			27.26			-0.94			3.22			2,606,790			1.84			6090			+1.02
27.40			27.79			26.98			+1.02			2.96			2,641,503			1.86			6369			+1.45
27.52			28.12			26.70			+1.45			5.14			3,525,787			2.48			7849			-0.75
28.00			28.23			27.78			-0.75			1.60			2,874,915			2.03			7171			+1.62
27.65			28.45			27.62			+1.62			2.98			3,088,479			2.18			6113			-1.03
28.01			28.92			28.00			-1.03			3.25			3,664,045			2.58			7442			+0.14
27.88			28.12			27.50			+0.14			2.21			2,074,850			1.46			4297			+2.25
28.11			29.19			28.08			+2.25			3.96			3,780,233			2.66			8489			+2.55
28.38			29.49			28.15			+2.55			4.67			4,878,186			3.44			9787			-1.39
29.39			30.10			28.99			-1.39			3.78			5,116,104			3.60			10692			+1.55
28.70			29.80			28.21			+1.55			5.48			4,052,816			2.85			7995			-7.24
28.39			28.40			26.50			-7.24			6.45			5,590,841			3.94			11360			-1.03
27.35			27.78			26.90			-1.03			3.22			2,621,450			1.85			5234			-2.59
26.90			26.90			25.60			-2.59			4.81			3,883,436			2.74			7860			+2.70
26.44			27.15			26.44			+2.70			2.70			1,888,767			1.33			4760			-2.26
27.09			27.20			26.29			-2.26			3.37			1,873,933			1.32			4542			-0.49
26.50			26.84			25.71			-0.49			4.28			1,459,656			1.03			3626			+2.09
26.26			26.99			26.03			+2.09			3.65			1,870,310			1.32			3529			-23.31
20.51			20.94			20.32			-23.31			2.31			2,514,865			1.77			5558			-2.87
20.33			20.38			19.80			-2.87			2.82			2,635,208			1.43			5648			+1.00
20.20			20.29			19.91			+1.00			1.90			2,313,328			1.25			3822			-1.58
20.20			20.41			19.68			-1.58			3.61			3,022,893			1.64			5685			-1.96
19.84			19.85			19.26			-1.96			2.97			3,367,919			1.82			5252			+0.31
19.40			19.67			19.21			+0.31			2.36			2,405,819			1.30			4063			-2.61
19.49			19.49			19.02			-2.61			2.40			2,526,177			1.37			4588			-1.00
19.04			19.27			18.85			-1.00			2.21			1,800,598			0.976			3085			+1.59
18.85			19.17			18.50			+1.59			3.55			2,956,588			1.60			4932			+1.31
19.16			19.55			19.06			+1.31			2.56			2,521,791			1.37			4819			+1.24
19.44			19.99			19.40			+1.24			3.04			2,897,272			1.48			4938			+9.98
19.60			21.60			19.55			+9.98			10.44			10,326,155			5.27			11055			-1.99
21.70			21.70			20.91			-1.99			3.66			10,464,873			5.34			16870			+3.12
21.68			22.49			21.45			+3.12			4.91			10,676,891			5.45			17098			+5.13
21.98			23.27			21.58			+5.13			7.74			11,227,677			5.73			18259			-0.83
22.70			23.64			22.45			-0.83			5.19			10,111,953			5.16			17084			-2.11
22.69			22.88			22.13			-2.11			3.30			7,112,123			3.63			13331			-0.36
22.40			22.65			22.02			-0.36			2.83			7,220,282			3.68			12502			+2.39
22.82			23.36			22.55			+2.39			3.65			8,826,250			4.50			16616			-1.54
22.77			22.90			22.21			-1.54			3.04			5,300,197			2.70			10067			+1.16
22.44			23.20			22.16			+1.16			4.65			5,635,372			2.88			11508			+1.99
22.50			23.16			22.31			+1.99			3.75			7,815,777			3.99			13197			-4.94
23.18			23.30			21.85			-4.94			6.28			7,873,856			4.02			14183			+0.32
22.00			22.46			21.81			+0.32			2.96			4,093,075			2.09			7518			+1.00
22.00			23.09			21.60			+1.00			6.77			7,363,050			3.76			11553			+8.23
22.18			24.35			22.06			+8.23			10.30			15,398,722			7.86			24229			-0.50
23.93			24.15			23.51			-0.50			2.66			10,652,465			5.44			18702			+4.38
24.01			25.01			23.69			+4.38			5.51			12,217,716			6.23			20722			+1.16
24.80			25.46			24.32			+1.16			4.56			9,870,823			5.04			16946			-0.67
25.05			27.36			24.96			-0.67			9.49			14,893,401			7.60			24423			-3.46
25.09			25.62			24.16			-3.46			5.81			9,599,959			4.90			16405			+1.90
24.27			24.99			23.86			+1.90			4.66			8,502,054			4.34			15793			+2.63
24.66			25.48			24.47			+2.63			4.09			7,714,095			3.94			14243			-1.85
25.16			25.18			24.53			-1.85			2.56			5,315,063			2.71			9111			+3.78
25.11			26.08			25.00			+3.78			4.34			9,595,119			4.90			15414			-1.94
25.70			26.19			25.15			-1.94			4.03			8,499,372			4.34			13584			-5.01
24.93			24.99			23.93			-5.01			4.18			7,517,571			3.84			13136			+2.95
24.19			24.99			24.19			+2.95			3.33			5,458,487			2.79			9476			-2.50
24.78			24.88			23.58			-2.50			5.25			6,641,093			3.39			12659			+1.37
23.76			24.65			23.49			+1.37			4.80			6,132,344			3.13			10703			+6.00
24.52			26.20			24.32			+6.00			7.68			13,457,741			6.87			24459			+0.39
25.60			26.28			25.36			+0.39			3.55			9,430,353			4.81			18600			-0.19
26.16			26.31			25.58			-0.19			2.80			7,604,598			3.88			13994			+0.08
26.20			26.82			25.86			+0.08			3.69			9,527,900			4.86			15460			-2.38
26.10			26.13			25.32			-2.38			3.11			6,290,470			3.21			10540			+1.89
25.22			26.07			24.47			+1.89			6.30			6,987,641			3.57			12501			+2.40
25.76			26.91			25.60			+2.40			5.06			9,183,252			4.69			14340			+0.79
26.60			26.78			26.01			+0.79			2.91			5,313,183			2.71			9472			-0.64
26.55			26.90			26.08			-0.64			3.07			4,784,876			2.44			8532			+8.85
26.60			29.15			26.33			+8.85			10.63			15,268,807			7.79			23065			+0.21
28.66			30.12			28.35			+0.21			6.13			18,242,139			9.31			29084			+6.11
28.71			31.76			28.53			+6.11			11.16			20,936,133			10.68			39621			+2.34
30.51			32.47			30.51			+2.34			6.38			17,292,374			8.82			37560			+4.39
33.37			34.58			31.80			+4.39			8.84			25,145,479			12.83			42511			-2.16
32.00			34.18			30.00			-2.16			12.74			18,701,437			9.54			35473			+10.00
33.07			35.32			32.48			+10.00			8.84			18,448,483			9.41			32300			+6.26
36.00			37.77			35.21			+6.26			7.25			22,014,792			11.23			46742			-4.34
36.00			36.64			34.85			-4.34			4.77			16,822,940			8.58			36976			-10.00
35.01			35.17			32.31			-10.00			7.97			17,301,854			8.83			34127			+2.01
31.47			33.36			31.33			+2.01			6.28			13,142,792			6.71			27959			-2.91
32.74			33.05			31.71			-2.91			4.07			8,523,701			4.35			21033			-0.66
32.14			32.60			31.00			-0.66			5.00			7,890,846			4.03			21422			+2.93
31.80			32.89			31.05			+2.93			5.79			11,379,311			5.81			26362			-3.51
32.20			32.60			31.10			-3.51			4.58			9,742,646			4.97			23423			-1.17
31.36			31.46			29.70			-1.17			5.57			11,503,479			5.87			27018			+3.46
30.81			32.38			30.81			+3.46			5.03			9,549,258			4.87			24893			-1.18
31.60			32.05			31.20			-1.18			2.63			6,649,456			3.39			16100			-2.73
31.50			31.95			30.35			-2.73			5.02			5,544,317			2.83			13903			-9.70
31.24			31.24			27.93			-9.70			10.67			11,897,270			6.07			27170			-0.96
28.04			28.47			27.48			-0.96			3.53			7,201,447			3.67			20578			+1.62
27.59			28.69			27.36			+1.62			4.79			6,255,919			3.19			17713			-1.10
27.91			28.60			27.48			-1.10			3.97			4,885,883			2.49			13698			+1.36
28.00			28.60			27.72			+1.36			3.16			5,222,009			2.66			13730			+6.61
28.18			30.25			28.10			+6.61			7.61			11,252,544			5.74			23776			-0.17
29.69			30.45			29.00			-0.17			4.81			10,915,969			5.57			22887			+1.83
29.76			31.27			29.74			+1.83			5.08			10,044,579			5.13			18242			+4.05
30.41			32.50			29.92			+4.05			8.42			11,252,087			5.74			20424			-10.01
29.50			30.20			28.69			-10.01			4.74			13,308,611			6.79			20587			-4.04
28.24			28.25			27.01			-4.04			4.32			10,322,178			5.27			17082			-2.43
27.31			27.50			26.60			-2.43			3.27			6,225,772			3.18			10837			-1.60
26.85			26.85			26.03			-1.60			3.05			6,228,654			3.18			10336			+2.50
26.39			27.67			26.06			+2.50			6.09			5,803,990			2.96			9729			-1.00
26.97			27.08			26.32			-1.00			2.81			3,571,691			1.82			6908			-0.26
26.80			27.09			26.51			-0.26			2.16			3,876,203			1.98			7146			+2.54
26.83			27.67			26.61			+2.54			3.96			5,253,757			2.68			8778			-1.09
27.15			27.60			26.80			-1.09			2.92			3,803,669			1.94			6388			+2.54
27.20			28.37			26.65			+2.54			6.34			7,853,959			4.01			13185			-2.77
27.26			27.52			26.85			-2.77			2.41			4,749,012			2.42			8126			-1.33
26.72			27.33			26.66			-1.33			2.48			3,384,779			1.73			5784			+0.90
26.60			27.20			26.33			+0.90			3.26			3,019,947			1.54			4946			-2.38
26.94			27.07			26.28			-2.38			2.93			2,541,635			1.30			4797			-3.08
26.20			26.57			25.00			-3.08			5.97			3,320,478			1.69			6620			+0.39
25.27			25.70			25.02			+0.39			2.67			1,823,090			0.930			4198			-0.16
25.58			26.24			25.51			-0.16			2.85			2,262,294			1.15			4215			-5.79
25.52			25.61			23.75			-5.79			7.28			4,794,466			2.45			9081			-8.19
24.06			24.20			22.05			-8.19			8.94			6,759,076			3.45			12053			+0.81
22.14			22.70			21.89			+0.81			3.67			3,325,935			1.70			10079			-4.27
22.14			22.23			21.30			-4.27			4.18			4,056,348			2.07			9717			+5.63
21.93			22.62			21.59			+5.63			4.83			2,923,061			1.49			8463			+0.62
22.97			23.39			22.42			+0.62			4.31			3,464,373			1.77			8501			-2.47
23.15			23.15			21.47			-2.47			7.41			4,227,129			2.16			8573			-3.53
22.08			22.27			21.22			-3.53			4.75			2,810,951			1.43			8528			+1.45
21.42			21.74			21.22			+1.45			2.44			2,166,196			1.11			6052			+1.02
21.52			21.96			21.40			+1.02			2.59			1,919,572			0.980			5336			+0.92
21.88			22.40			21.55			+0.92			3.89			3,174,052			1.62			8576			-0.23
22.02			22.18			21.80			-0.23			1.72			2,298,359			1.17			6123			+1.00
21.95			22.27			21.93			+1.00			1.55			2,450,768			1.25			6697			-2.30
21.85			21.90			21.31			-2.30			2.66			3,174,078			1.62			8436			-1.11
21.59			21.71			21.13			-1.11			2.67			2,502,627			1.28			7648			+10.01
21.32			23.62			21.24			+10.01			11.09			7,986,409			4.08			15180			+1.61
23.98			24.19			22.98			+1.61			5.12			11,069,208			5.65			23971			+2.96
23.63			25.35			23.60			+2.96			7.29			9,660,220			4.93			20444			-2.19
24.31			24.60			23.70			-2.19			3.64			6,151,743			3.14			12186			-4.30
24.20			24.76			22.85			-4.30			7.90			5,161,257			2.63			10349			+4.58
22.50			24.60			22.31			+4.58			9.90			7,069,035			3.61			13689			-1.86
24.10			24.18			23.40			-1.86			3.22			4,905,300			2.50			10770			+2.15
23.74			24.68			23.47			+2.15			5.10			6,581,170			3.36			14990			+1.53
24.23			24.88			23.98			+1.53			3.71			5,510,214			2.81			11075			+4.18
24.62			25.90			24.28			+4.18			6.58			8,741,384			4.46			14286			+1.72
25.76			26.85			25.41			+1.72			5.61			8,333,168			4.25			15357			-0.73
25.91			26.10			24.98			-0.73			4.29			4,756,020			2.43			8887			+0.12
25.78			26.43			25.27			+0.12			4.48			4,905,065			2.50			9225			-1.04
25.60			25.95			25.36			-1.04			2.28			3,685,809			1.88			6660			+3.66
25.52			27.27			25.28			+3.66			7.76			7,615,105			3.89			13311			+1.50
26.43			27.19			25.96			+1.50			4.62			6,918,805			3.53			12103			+0.41
27.96			28.52			27.00			+0.41			5.63			10,724,344			5.47			16502			+10.00
27.90			29.82			27.65			+10.00			8.00			11,064,708			5.65			15080			-4.93
31.00			32.00			26.84			-4.93			17.30			16,227,624			8.28			28879			+10.02
28.10			31.19			27.11			+10.02			14.39			11,574,970			5.91			18825			+0.51
31.04			33.34			30.19			+0.51			10.10			18,598,107			9.49			42153			+5.20
31.82			34.16			31.05			+5.20			9.92			16,969,244			8.66			34358			-7.58
32.00			32.60			30.06			-7.58			7.70			13,255,853			6.76			30881			-1.25
30.48			31.20			29.68			-1.25			4.99			9,176,189			4.68			19339			-2.13
29.51			29.90			28.74			-2.13			3.85			7,640,042			3.90			16238			+0.88
29.47			30.27			29.30			+0.88			3.29			6,745,616			3.44			16497			-0.47
29.72			30.19			29.20			-0.47			3.33			4,462,690			2.28			10989			-3.35
29.30			29.58			28.53			-3.35			3.55			5,619,185			2.87			14733			+3.78
28.85			29.99			28.73			+3.78			4.41			6,490,644			3.31			16970			-2.19
29.80			29.90			28.82			-2.19			3.64			4,456,127			2.27			12614			-0.28
29.21			29.99			28.71			-0.28			4.41			8,278,019			4.22			18899			+2.45
28.61			29.86			28.55			+2.45			4.53			5,072,016			2.59			12291			+0.44
29.59			30.45			29.08			+0.44			4.62			5,158,805			2.63			13419			-3.26
29.37			29.48			28.63			-3.26			2.85			4,131,370			2.11			10261			-2.05
28.61			28.78			27.62			-2.05			4.03			5,647,900			2.88			15940			-1.52
28.00			28.20			27.67			-1.52			1.88			3,298,144			1.68			9835			-1.40
