时间		开盘		最高		最低		收盘		涨幅		振幅		总手		金额		换手%		成交次数		
2020-04-08,三	11.76		14.11		11.76		14.11		+43.98%		23.98%		146,449		2,061,690	0.282		338		
2020-04-09,四	15.52		15.52		15.52		15.52		+9.99%		0.00%		31,367		486,816		0.060		82		
2020-04-10,五	17.07		17.07		17.07		17.07		+9.99%		0.00%		55,386		945,439		0.107		138		
2020-04-13,一	18.78		18.78		18.78		18.78		+10.02%		0.00%		119,468		2,243,609	0.230		300		
2020-04-14,二	20.66		20.66		20.66		20.66		+10.01%		0.00%		178,756		3,693,099	0.344		464		
2020-04-15,三	22.73		22.73		22.73		22.73		+10.02%		0.00%		473,156		10,754,836	0.910		1225		
2020-04-16,四	25.00		25.00		25.00		25.00		+9.99%		0.00%		419,905		10,497,625	0.808		1097		
2020-04-17,五	27.50		27.50		27.50		27.50		+10.00%		0.00%		4,517,156	124,221,790	8.69		9944		
2020-04-20,一	27.00		28.50		25.05		27.10		-1.45%		12.55%		32,831,811	871,810,500	63.14		96022		
2020-04-21,二	26.15		29.81		25.80		29.81		+10.00%		14.80%		27,733,871	785,163,850	53.33		42848		
2020-04-22,三	29.72		31.31		27.91		28.12		-5.67%		11.41%		31,500,705	914,823,560	60.58		54444		
2020-04-23,四	27.20		28.89		27.02		28.10		-0.07%		6.65%		20,698,443	578,803,100	39.80		37815		
2020-04-24,五	27.50		27.85		25.29		25.29		-10.00%		9.11%		21,595,088	567,609,130	41.53		38786		
2020-04-27,一	25.10		25.65		24.64		25.30		+0.04%		3.99%		11,974,966	301,516,270	23.03		21167		
2020-04-28,二	25.30		27.83		24.88		26.44		+4.51%		11.66%		21,350,676	567,719,700	41.06		35304		
2020-04-29,三	27.00		28.65		26.45		27.61		+4.43%		8.32%		22,809,854	626,234,910	43.87		37245		
2020-04-30,四	26.82		27.50		26.00		27.02		-2.14%		5.43%		18,745,068	501,901,570	36.05		30979		
2020-05-06,三	26.51		29.72		26.20		29.72		+9.99%		13.03%		22,121,712	617,697,690	42.54		35010		
2020-05-07,四	29.00		31.90		28.40		30.39		+2.25%		11.78%		28,622,128	852,745,440	55.04		55116		
2020-05-08,五	29.41		30.72		28.91		30.00		-1.28%		5.96%		22,060,126	653,652,260	42.42		44047		
2020-05-11,一	30.82		32.68		30.18		30.24		+0.80%		8.33%		25,269,833	790,061,970	48.60		51467		
2020-05-12,二	29.00		30.19		28.01		29.90		-1.12%		7.21%		18,027,589	525,272,560	34.67		33769		
2020-05-13,三	29.20		30.47		29.03		29.21		-2.31%		4.82%		14,341,990	425,489,330	27.58		27035		
2020-05-14,四	29.50		31.66		29.36		31.11		+6.50%		7.87%		21,387,498	654,667,630	41.13		39623		
2020-05-15,五	30.78		31.25		30.11		30.72		-1.25%		3.66%		15,342,921	470,273,900	29.51		27740		
2020-05-18,一	30.95		30.98		27.65		27.87		-9.28%		10.84%		18,465,786	529,098,870	35.51		33867		
2020-05-19,二	27.30		28.49		27.30		28.19		+1.15%		4.27%		10,808,954	302,733,740	20.79		18848		
2020-05-20,三	27.97		29.68		27.81		29.00		+2.87%		6.63%		13,698,522	394,804,140	26.34		24606		
2020-05-21,四	28.61		29.39		27.83		28.94		-0.21%		5.38%		11,244,216	323,091,110	21.62		21377		
2020-05-22,五	28.68		28.86		26.82		26.98		-6.77%		7.05%		10,861,351	299,360,140	20.89		20702		
2020-05-25,一	26.66		26.79		25.60		25.93		-3.89%		4.41%		7,528,825	196,807,200	14.48		15029		
2020-05-26,二	25.92		26.95		25.92		26.85		+3.55%		3.97%		6,325,565	168,046,430	12.16		12936		
2020-05-27,三	26.88		27.43		26.65		26.95		+0.37%		2.91%		6,108,738	165,027,210	11.75		12483		
2020-05-28,四	26.98		27.05		25.15		26.18		-2.86%		7.05%		7,157,080	185,988,750	13.76		15120		
2020-05-29,五	25.83		26.39		25.82		25.92		-0.99%		2.18%		4,210,762	109,857,430	8.10		9589		
2020-06-01,一	25.80		27.19		25.80		27.00		+4.17%		5.36%		6,862,546	183,155,480	13.20		13021		
2020-06-02,二	26.90		27.49		26.66		27.24		+0.89%		3.07%		6,747,721	183,181,820	12.98		13173		
2020-06-03,三	27.25		27.77		26.72		26.83		-1.51%		3.85%		6,430,205	175,256,380	12.37		12094		
2020-06-04,四	26.65		26.97		25.98		26.46		-1.38%		3.69%		5,424,678	143,103,620	10.43		10405		
2020-06-05,五	26.43		26.48		25.51		26.01		-1.70%		3.67%		5,680,375	147,272,390	10.92		10389		
2020-06-08,一	26.18		27.15		26.03		27.00		+3.81%		4.31%		6,263,403	166,954,910	12.05		11816		
2020-06-09,二	26.90		26.90		26.07		26.33		-2.48%		3.07%		4,830,015	127,176,451	9.29		10091		
2020-06-10,三	26.16		26.70		25.78		26.38		+0.19%		3.49%		3,831,754	100,785,814	7.37		7102		
2020-06-11,四	26.44		26.59		25.74		25.86		-1.97%		3.22%		4,579,666	119,604,830	8.81		8659		
2020-06-12,五	25.23		26.32		25.01		26.30		+1.70%		5.07%		4,901,956	126,476,340	9.43		9689		
2020-06-15,一	26.80		27.48		26.30		27.20		+3.42%		4.49%		10,050,713	271,191,130	19.33		17560		
2020-06-16,二	27.28		27.44		26.65		27.12		-0.29%		2.90%		7,697,909	207,896,880	14.80		13103		
2020-06-17,三	27.11		28.90		26.88		28.50		+5.09%		7.45%		13,972,983	395,797,210	26.87		24043		
2020-06-18,四	28.42		28.43		27.57		28.17		-1.16%		3.02%		8,536,797	238,411,330	16.42		15444		
2020-06-19,五	28.00		28.30		27.41		27.52		-2.31%		3.16%		6,086,143	168,533,720	11.70		11340		
2020-06-22,一	27.28		27.82		27.09		27.62		+0.36%		2.65%		4,777,527	131,127,863	9.19		8111		
2020-06-23,二	27.50		27.50		27.13		27.14		-1.74%		1.34%		4,087,580	111,421,099	7.86		6816		
2020-06-24,三	27.00		27.14		26.25		26.36		-2.87%		3.28%		4,883,607	129,502,423	9.39		8636		
2020-06-29,一	26.40		26.88		26.40		26.57		+0.80%		1.82%		3,070,739	81,650,982	5.91		4914		
2020-06-30,二	26.48		27.11		26.43		26.97		+1.51%		2.56%		3,899,406	104,441,373	7.50		6031		
2020-07-01,三	27.11		27.49		26.00		26.65		-1.19%		5.52%		5,429,952	145,810,060	10.44		9065		
2020-07-02,四	26.54		27.18		26.21		26.97		+1.20%		3.64%		4,647,702	124,806,525	8.94		8865		
2020-07-03,五	26.90		27.77		26.89		27.57		+2.22%		3.26%		6,768,955	185,649,860	13.02		11539		
2020-07-06,一	27.79		28.85		27.33		28.61		+3.77%		5.51%		10,160,618	286,267,140	19.54		16031		
2020-07-07,二	28.85		31.47		28.50		31.47		+10.00%		10.38%		18,506,195	568,208,920	35.59		23211		
2020-07-08,三	31.53		34.62		31.04		34.62		+10.01%		11.38%		17,323,245	559,517,810	33.31		22998		
2020-07-09,四	38.07		38.08		37.22		38.08		+9.99%		2.48%		5,079,644	193,229,750	9.77		5859		
2020-07-10,五	41.89		41.89		38.99		40.20		+5.57%		7.62%		27,596,344	1,134,216,460	53.07		43400		
2020-07-13,一	38.20		39.33		36.50		39.10		-2.74%		7.04%		19,392,857	740,621,140	37.29		35219		
2020-07-14,二	39.50		40.88		38.50		39.97		+2.23%		6.09%		16,254,440	646,506,250	31.26		30914		
2020-07-15,三	40.35		40.50		36.10		37.40		-6.43%		11.01%		10,058,416	383,718,050	19.34		20407		
2020-07-16,四	37.40		37.80		33.66		33.66		-10.00%		11.07%		9,823,634	349,413,770	18.89		20928		
2020-07-17,五	33.71		34.49		32.82		33.74		+0.24%		4.96%		6,514,954	219,719,360	12.53		13514		
2020-07-20,一	34.00		36.06		33.85		35.67		+5.72%		6.55%		6,785,653	236,696,590	13.05		14671		
2020-07-21,二	35.51		36.29		34.86		35.88		+0.59%		4.01%		5,770,220	205,726,960	11.10		11760		
2020-07-22,三	36.00		36.51		35.16		35.77		-0.31%		3.76%		4,649,021	167,334,350	8.94		10304		
2020-07-23,四	35.25		36.26		34.01		36.08		+0.87%		6.29%		5,666,479	200,658,270	10.90		13388		
2020-07-24,五	35.70		35.97		33.36		33.78		-6.37%		7.23%		5,045,830	174,482,850	9.70		12519		
2020-07-27,一	34.05		37.16		34.04		37.16		+10.01%		9.24%		8,980,213	329,637,260	17.27		13204		
2020-07-28,二	37.00		38.15		35.87		36.25		-2.45%		6.14%		9,144,542	334,710,700	17.59		20988		
2020-07-29,三	36.64		37.25		35.88		37.04		+2.18%		3.78%		5,704,900	209,072,460	10.97		12944		
2020-07-30,四	37.98		37.98		35.88		36.01		-2.78%		5.67%		5,878,528	213,555,630	11.30		14054		
2020-07-31,五	35.70		36.30		35.03		35.64		-1.03%		3.53%		4,675,533	166,175,620	8.99		10790		
2020-08-03,一	35.90		36.99		35.50		36.76		+3.14%		4.18%		4,988,252	182,309,660	9.59		10963		
2020-08-04,二	36.95		37.59		35.80		35.95		-2.20%		4.87%		4,778,893	174,154,490	9.19		11041		
2020-08-05,三	36.00		37.69		35.82		37.62		+4.65%		5.20%		6,701,324	247,775,760	12.89		17037		
2020-08-06,四	37.97		37.98		36.59		37.25		-0.98%		3.69%		4,484,981	166,369,020	8.62		12322		
2020-08-07,五	37.18		37.54		35.40		36.14		-2.98%		5.74%		4,732,265	171,158,760	9.10		10939		
2020-08-10,一	35.81		36.60		34.91		36.40		+0.72%		4.68%		4,246,218	151,978,190	8.17		8744		
2020-08-11,二	36.07		39.85		35.98		37.71		+3.60%		10.63%		8,115,850	308,315,730	15.61		16930		
2020-08-12,三	37.78		38.99		35.73		36.66		-2.78%		8.64%		4,993,487	184,977,270	9.60		12237		
2020-08-13,四	36.58		39.41		36.58		38.42		+4.80%		7.72%		6,895,199	263,101,600	13.26		16000		
2020-08-14,五	38.57		41.02		37.80		40.09		+4.35%		8.38%		8,298,578	327,813,640	15.96		18894		
2020-08-17,一	40.19		42.00		39.46		41.60		+3.77%		6.34%		7,753,925	317,984,360	14.91		15890		
2020-08-18,二	41.10		41.35		39.82		40.40		-2.88%		3.68%		5,427,427	219,229,050	10.44		11482		
2020-08-19,三	40.10		40.15		38.53		38.55		-4.58%		4.01%		4,195,119	164,117,720	8.07		9698		
2020-08-20,四	38.20		39.50		37.87		38.65		+0.26%		4.23%		2,724,000	105,657,002	5.24		5638		
2020-08-21,五	39.00		39.29		37.89		38.17		-1.24%		3.62%		2,648,046	101,789,863	5.09		6052		
2020-08-24,一	38.20		40.66		37.58		40.24		+5.42%		8.07%		4,021,847	159,266,620	7.73		8917		
2020-08-25,二	40.24		42.86		39.98		41.40		+2.88%		7.16%		5,861,951	244,028,970	11.27		12582		
2020-08-26,三	42.01		44.30		40.75		40.75		-1.57%		8.57%		8,058,827	343,499,270	15.50		17828		
2020-08-27,四	41.32		44.26		41.32		43.49		+6.72%		7.21%		6,390,148	274,695,230	12.29		17284		
2020-08-28,五	42.97		43.76		42.01		43.00		-1.13%		4.02%		5,685,404	244,042,170	10.93		15023		
2020-08-31,一	43.18		43.43		40.90		41.00		-4.65%		5.88%		4,969,941	208,504,920	9.56		12410		
2020-09-01,二	41.00		43.43		40.70		43.10		+5.12%		6.66%		4,263,821	181,249,680	8.20		10970		
2020-09-02,三	43.12		44.84		42.60		44.19		+2.53%		5.20%		4,099,984	180,027,220	7.88		13355		
2020-09-03,四	44.19		44.85		42.80		42.92		-2.87%		4.64%		3,742,531	163,422,480	7.20		11437		
2020-09-04,五	42.07		43.93		41.88		43.50		+1.35%		4.78%		3,129,573	134,170,659	6.02		9220		
2020-09-07,一	43.88		44.46		40.65		40.65		-6.55%		8.76%		4,547,083	192,184,230	8.74		11472		
2020-09-08,二	41.06		41.76		39.51		40.82		+0.42%		5.54%		2,738,533	110,836,552	5.27		7187		
2020-09-09,三	40.40		40.40		38.13		38.30		-6.17%		5.56%		3,231,538	126,045,927	6.21		8496		
2020-09-10,四	38.80		39.12		37.00		37.13		-3.05%		5.54%		2,705,125	102,544,397	5.20		8211		
2020-09-11,五	37.20		38.20		36.75		38.01		+2.37%		3.91%		2,118,641	79,558,914	4.07		5001		
2020-09-14,一	37.96		39.64		37.85		39.36		+3.55%		4.71%		3,237,166	126,020,928	6.23		6839		
2020-09-15,二	39.18		39.44		38.53		38.62		-1.88%		2.31%		1,759,200	68,445,445	3.38		5151		
2020-09-16,三	38.89		39.60		38.26		39.24		+1.61%		3.47%		2,741,070	106,715,259	5.27		6873		
2020-09-17,四	39.05		40.65		38.60		40.45		+3.08%		5.22%		2,800,648	111,485,675	5.39		7185		
2020-09-18,五	40.06		41.65		40.06		41.10		+1.61%		3.93%		1,757,000	71,783,890	3.38		5291		
2020-09-21,一	41.38		41.84		40.70		41.00		-0.24%		2.77%		1,098,964	45,105,444	2.11		3849		
2020-09-22,二	40.80		41.58		40.46		40.70		-0.73%		2.73%		1,272,878	52,157,887	2.45		4273		
2020-09-23,三	41.28		42.30		41.00		41.46		+1.87%		3.19%		1,385,406	57,417,806	2.66		4602		
2020-09-24,四	40.97		41.68		40.04		40.04		-3.42%		3.96%		1,494,021	60,890,503	2.87		4494		
2020-09-25,五	40.45		40.68		38.92		39.16		-2.20%		4.40%		1,421,600	56,226,321	2.73		5030		
2020-09-28,一	40.00		40.14		38.71		38.71		-1.15%		3.65%		1,476,664	58,057,207	2.84		5318		
2020-09-29,二	38.50		39.25		37.70		38.87		+0.41%		4.00%		1,348,141	51,918,027	2.59		5311		
2020-09-30,三	38.87		39.80		38.59		39.19		+0.82%		3.11%		1,013,005	39,865,202	1.95		3894		
2020-10-09,五	39.69		40.50		39.35		39.60		+1.05%		2.93%		1,601,700	63,722,842	3.08		5645		
2020-10-12,一	39.91		42.50		39.55		42.30		+6.82%		7.45%		3,234,005	133,740,314	6.22		11158		
2020-10-13,二	42.11		43.89		42.03		43.23		+2.20%		4.40%		3,183,390	137,390,060	6.12		10146		
2020-10-14,三	43.16		43.85		42.16		42.75		-1.11%		3.91%		2,020,573	86,759,348	3.89		7256		
2020-10-15,四	43.80		45.00		41.72		41.80		-2.22%		7.67%		4,245,700	182,648,640	8.16		12428		
2020-10-16,五	41.95		42.30		40.58		41.00		-1.91%		4.11%		2,029,113	83,668,489	3.90		7804		
2020-10-19,一	41.52		42.28		40.56		40.83		-0.41%		4.20%		3,774,305	155,891,840	7.26		11240		
2020-10-20,二	40.90		42.15		40.54		42.10		+3.11%		3.94%		1,486,100	61,670,750	2.86		5655		
2020-10-21,三	42.35		42.70		41.55		42.52		+1.00%		2.73%		1,667,100	70,184,597	3.21		5938		
2020-10-22,四	42.29		42.60		41.50		41.85		-1.58%		2.59%		1,843,301	77,303,862	3.54		6298		
2020-10-23,五	41.51		43.00		40.20		40.52		-3.18%		6.69%		2,287,400	95,341,304	4.40		7067		
2020-10-26,一	40.52		41.60		40.13		40.98		+1.14%		3.63%		2,129,083	87,385,035	4.09		7529		
2020-10-27,二	40.69		41.22		40.20		40.93		-0.12%		2.49%		2,027,740	82,480,901	3.90		8010		
2020-10-28,三	40.56		41.22		39.09		39.70		-3.01%		5.20%		2,204,839	88,240,515	4.24		8194		
2020-10-29,四	39.36		40.33		39.04		40.12		+1.06%		3.25%		1,494,282	59,539,970	2.87		5794		
2020-10-30,五	40.13		41.10		39.45		40.27		+0.37%		4.11%		2,763,568	111,599,334	5.31		9624		
2020-11-02,一	40.38		43.63		40.01		43.50		+8.02%		8.99%		6,574,447	279,941,680	12.64		19373		
2020-11-03,二	43.52		45.85		42.75		45.00		+3.45%		7.13%		5,293,559	235,463,740	10.18		15767		
2020-11-04,三	45.80		49.50		45.68		48.40		+7.56%		8.49%		7,103,687	344,853,580	13.66		16527		
2020-11-05,四	47.98		49.99		47.98		49.07		+1.38%		4.15%		4,977,089	243,977,480	9.57		17496		
2020-11-06,五	49.50		50.85		48.51		49.41		+0.69%		4.77%		3,661,867	181,366,060	7.04		12820		
2020-11-09,一	50.50		52.28		49.00		51.50		+4.23%		6.64%		2,766,651	141,221,000	5.32		11807		
2020-11-10,二	51.74		53.80		50.02		53.30		+3.50%		7.34%		3,580,862	187,445,150	6.89		13677		
2020-11-11,三	53.06		56.36		52.30		54.08		+1.46%		7.62%		3,495,000	189,638,260	6.72		12497		
2020-11-12,四	55.00		56.98		53.20		54.25		+0.31%		6.99%		3,771,325	205,529,360	7.25		14277		
2020-11-13,五	55.07		55.36		52.20		52.88		-2.53%		5.82%		2,973,276	157,599,530	5.72		12107		
2020-11-16,一	53.41		53.87		52.56		52.89		+0.02%		2.48%		1,790,800	94,843,429	3.44		8245		
2020-11-17,二	53.72		54.10		51.50		53.13		+0.45%		4.92%		2,046,800	107,602,244	3.94		8282		
2020-11-18,三	52.76		53.17		48.70		48.93		-7.91%		8.41%		4,171,133	209,526,450	8.02		15204		
2020-11-19,四	49.01		51.28		48.81		50.55		+3.31%		5.05%		3,051,733	152,586,000	5.87		12100		
2020-11-20,五	51.50		54.30		50.25		53.40		+5.64%		8.01%		2,901,800	153,334,630	5.58		12369		
2020-11-23,一	53.43		53.43		51.42		52.40		-1.87%		3.76%		2,067,892	107,698,616	3.98		8603		
2020-11-24,二	52.41		54.99		51.82		53.92		+2.90%		6.05%		2,202,600	117,545,000	4.24		10013		
2020-11-25,三	54.02		54.45		51.10		51.22		-5.01%		6.21%		2,637,600	137,609,870	5.07		8932		
2020-11-26,四	51.72		51.85		49.98		50.85		-0.72%		3.65%		1,972,800	99,794,876	3.79		7004		
2020-11-27,五	51.20		51.28		49.01		49.80		-2.06%		4.46%		1,209,700	60,528,902	2.33		5709		
2020-11-30,一	50.19		50.66		48.78		48.81		-1.99%		3.78%		1,373,300	67,958,449	2.64		6027		
2020-12-01,二	48.58		49.94		48.00		48.99		+0.37%		3.97%		1,269,041	62,450,275	2.44		5353		
2020-12-02,三	49.44		49.50		47.25		47.41		-3.23%		4.59%		2,109,006	101,040,200	4.06		8070		
2020-12-03,四	47.41		47.80		45.88		46.82		-1.24%		4.05%		1,629,700	76,206,890	3.13		6545		
2020-12-04,五	46.63		47.98		46.43		47.70		+1.88%		3.31%		1,390,900	65,732,717	2.67		5971		
2020-12-07,一	48.01		50.07		47.87		48.54		+1.76%		4.61%		2,417,647	117,959,928	4.65		10751		
2020-12-08,二	48.55		49.38		48.07		48.20		-0.70%		2.70%		1,364,441	66,381,131	2.62		6136		
2020-12-09,三	48.40		48.80		46.68		46.79		-2.93%		4.40%		1,137,205	54,030,284	2.19		5662		
2020-12-10,四	46.99		49.68		46.05		48.75		+4.19%		7.76%		1,860,411	89,458,424	3.58		7803		
2020-12-11,五	48.88		49.68		47.03		47.46		-2.65%		5.44%		1,847,900	88,816,544	3.55		8602		
2020-12-14,一	47.43		48.30		46.70		48.04		+1.22%		3.37%		1,660,541	78,937,110	3.19		6946		
2020-12-15,二	47.55		49.13		47.55		48.81		+1.60%		3.29%		1,392,800	67,676,627	2.68		6665		
2020-12-16,三	49.20		49.22		47.40		47.41		-2.87%		3.73%		1,485,600	71,615,169	2.86		6408		
2020-12-17,四	47.11		47.77		46.43		47.36		-0.11%		2.83%		1,365,000	64,426,880	2.63		6537		
2020-12-18,五	47.15		47.36		44.68		44.97		-5.05%		5.66%		3,014,341	137,566,410	5.80		10700		
2020-12-21,一	45.45		47.45		44.52		46.39		+3.16%		6.52%		2,532,400	117,290,643	4.87		10344		
2020-12-22,二	46.60		46.98		44.17		44.21		-4.70%		6.06%		2,049,756	92,755,249	3.94		8832		
2020-12-23,三	44.45		44.81		41.36		42.18		-4.59%		7.80%		3,778,990	161,873,300	7.27		14279		
2020-12-24,四	42.00		42.50		40.71		41.05		-2.68%		4.24%		1,697,133	70,495,550	3.26		7540		
2020-12-25,五	41.29		41.44		38.88		40.42		-1.53%		6.24%		2,258,417	90,810,565	4.34		8842		
2020-12-28,一	40.01		40.84		38.00		38.89		-3.79%		7.03%		3,193,600	124,325,434	6.14		12957		
2020-12-29,二	40.55		42.78		40.55		42.78		+10.00%		5.73%		1,112,400	46,925,672	2.14		1898		
2020-12-30,三	41.77		43.76		39.18		43.04		+0.61%		10.71%		5,913,015	247,639,090	11.37		25223		
2020-12-31,四	43.00		44.90		42.57		44.34		+3.02%		5.41%		3,596,646	158,455,160	6.92		14961		
2021-01-04,一	43.87		46.08		43.60		46.01		+3.77%		5.59%		2,390,166	106,989,603	4.60		8806		
2021-01-05,二	45.55		45.97		44.41		44.50		-3.28%		3.39%		2,267,409	102,028,960	4.36		9430		
2021-01-06,三	44.50		46.00		43.20		44.70		+0.45%		6.29%		2,581,553	114,928,123	4.96		9811		
2021-01-07,四	45.17		45.66		43.44		43.44		-2.82%		4.97%		1,865,604	82,517,984	3.59		8296		
2021-01-08,五	43.00		43.46		41.81		42.08		-3.13%		3.80%		1,599,241	67,810,450	3.08		6982		
2021-01-11,一	41.67		43.00		41.36		41.92		-0.38%		3.90%		1,580,492	66,567,714	3.04		6311		
2021-01-12,二	41.93		42.34		40.70		40.92		-2.39%		3.91%		1,516,521	62,531,607	2.92		5481		
2021-01-13,三	41.00		41.50		39.38		39.90		-2.49%		5.18%		2,003,897	80,515,430	3.85		6854		
2021-01-14,四	40.30		41.52		39.33		40.53		+1.58%		5.49%		1,455,757	58,900,880	2.80		6389		
2021-01-15,五	40.14		42.12		39.61		41.68		+2.84%		6.19%		1,616,000	66,198,969	3.11		6471		
2021-01-18,一	41.69		44.42		41.30		44.01		+5.59%		7.49%		2,718,657	117,692,113	5.23		9440		
2021-01-19,二	44.25		44.25		42.36		42.52		-3.39%		4.29%		1,442,400	62,144,971	2.77		5508		
2021-01-20,三	43.00		44.50		40.83		43.04		+1.22%		8.63%		2,378,753	101,534,356	4.57		7500		
2021-01-21,四	42.88		45.15		42.61		44.76		+4.00%		5.90%		2,495,885	110,354,504	4.80		7710		
2021-01-22,五	45.45		45.97		44.12		45.40		+1.43%		4.13%		2,358,000	106,478,223	4.53		7298		
2021-01-25,一	45.34		46.00		43.36		43.38		-4.45%		5.81%		2,071,805	92,023,229	3.98		7022		
2021-01-26,二	43.06		43.52		41.20		41.71		-3.85%		5.35%		2,700,141	113,122,140	5.19		7736		
2021-01-27,三	41.70		42.85		41.43		42.82		+2.66%		3.40%		1,136,500	48,128,560	2.19		4297		
2021-01-28,四	41.90		43.85		41.70		42.05		-1.80%		5.02%		1,473,800	63,428,922	2.83		5803		
2021-01-29,五	42.36		42.85		40.27		40.91		-2.71%		6.14%		2,402,800	98,529,107	4.62		7298		
2021-02-01,一	40.91		41.33		39.20		41.28		+0.90%		5.21%		2,060,841	82,905,050	3.96		7615		
2021-02-02,二	40.77		43.40		40.65		42.35		+2.59%		6.66%		1,681,217	71,511,661	3.23		5966		
2021-02-03,三	42.65		42.65		40.12		40.12		-5.27%		5.97%		1,868,700	76,533,752	3.59		6687		
2021-02-04,四	40.12		40.53		38.00		38.70		-3.54%		6.31%		2,437,800	94,759,032	4.69		8093		
2021-02-05,五	39.17		39.22		36.90		36.90		-4.65%		5.99%		1,794,600	67,706,053	3.45		6924		
2021-02-08,一	36.90		36.99		35.58		35.70		-3.25%		3.82%		1,969,888	70,992,072	3.79		6251		
2021-02-09,二	35.71		37.20		35.71		36.90		+3.36%		4.17%		1,334,621	48,910,462	2.57		5521		
2021-02-10,三	36.90		37.96		36.90		37.35		+1.22%		2.87%		989,100		37,093,864	1.90		4165		
2021-02-18,四	38.20		41.09		37.99		41.09		+10.01%		8.30%		3,087,994	124,727,098	5.94		9419		
2021-02-19,五	41.09		44.35		40.20		43.40		+5.62%		10.10%		3,692,083	157,016,390	7.10		12925		
2021-02-22,一	43.39		45.20		43.05		43.37		-0.07%		4.95%		2,644,150	116,556,156	5.08		10132		
2021-02-23,二	43.17		44.35		42.61		43.45		+0.18%		4.01%		1,309,200	57,007,643	2.52		5744		
2021-02-24,三	43.74		44.80		43.08		44.29		+1.93%		3.96%		2,069,700	91,308,909	3.98		7703		
2021-02-25,四	44.25		44.49		42.80		43.29		-2.26%		3.82%		1,456,700	63,396,881	2.80		5933		
2021-02-26,五	42.50		44.00		42.07		43.55		+0.60%		4.46%		1,795,007	77,677,590	3.45		7833		
2021-03-01,一	43.50		47.91		43.33		47.91		+10.01%		10.52%		2,604,905	122,260,443	5.01		8081		
2021-03-02,二	49.10		51.58		47.52		49.67		+3.67%		8.47%		4,197,336	208,023,840	8.07		13162		
2021-03-03,三	50.42		51.55		48.75		49.81		+0.28%		5.64%		3,173,217	158,766,410	6.10		12524		
2021-03-04,四	49.72		49.72		44.83		45.53		-8.59%		9.82%		3,630,987	167,435,200	6.98		13805		
2021-03-05,五	44.90		46.90		44.50		44.73		-1.76%		5.27%		2,692,409	122,837,918	5.18		11061		
2021-03-08,一	44.88		47.85		44.10		44.37		-0.80%		8.38%		2,494,537	113,883,646	4.80		11265		
2021-03-09,二	44.36		44.75		41.19		41.29		-6.94%		8.02%		2,682,005	114,219,127	5.16		10659		
2021-03-10,三	42.00		42.20		40.32		40.74		-1.33%		4.55%		2,111,400	86,254,574	4.06		8800		
2021-03-11,四	41.05		41.49		39.88		41.40		+1.62%		3.95%		1,788,122	73,350,559	3.44		6469		
2021-03-12,五	41.40		43.49		40.88		42.95		+3.74%		6.30%		1,838,517	77,927,658	3.54		7847		
2021-03-15,一	42.96		44.42		42.95		43.71		+1.77%		3.42%		1,434,200	62,730,682	2.76		6188		
2021-03-16,二	43.83		44.16		41.45		41.99		-3.94%		6.20%		1,291,805	54,582,430	2.48		4921		
2021-03-17,三	41.75		41.98		40.13		41.73		-0.62%		4.41%		1,171,900	48,114,406	2.25		4641		
2021-03-18,四	41.72		43.40		41.08		41.42		-0.74%		5.56%		1,700,605	71,837,716	3.27		6197		
2021-03-19,五	40.89		42.60		40.40		42.02		+1.45%		5.31%		1,072,637	44,803,335	2.06		4376		
2021-03-22,一	41.81		43.34		41.62		43.09		+2.55%		4.09%		1,256,809	53,820,455	2.42		4659		
2021-03-23,二	43.15		43.51		42.83		43.02		-0.16%		1.58%		946,087		40,860,578	1.82		3258		
2021-03-24,三	43.05		43.50		42.03		42.09		-2.16%		3.42%		1,258,650	53,864,803	2.42		4652		
2021-03-25,四	41.13		42.30		41.00		41.12		-2.30%		3.09%		949,641		39,350,967	1.83		3414		
2021-03-26,五	41.12		41.66		40.63		41.50		+0.92%		2.50%		775,900		31,978,080	1.49		3156		
2021-03-29,一	41.51		42.61		41.51		42.00		+1.20%		2.65%		762,041		32,021,481	1.47		2927		
2021-03-30,二	42.01		44.37		41.36		42.98		+2.33%		7.17%		1,253,741	53,977,572	2.41		5084		
2021-03-31,三	43.25		43.28		42.41		42.84		-0.33%		2.02%		507,800		21,684,589	0.977		2248		
2021-04-01,四	42.85		43.01		41.85		42.23		-1.42%		2.71%		746,041		31,550,853	1.43		2644		
2021-04-02,五	42.55		43.31		41.91		43.18		+2.25%		3.32%		900,991		38,470,607	1.73		3160		
2021-04-06,二	43.18		45.25		42.91		44.43		+2.89%		5.42%		1,696,625	74,612,382	3.26		5636		
2021-04-07,三	44.50		45.29		41.91		42.13		-5.18%		7.61%		3,219,657	137,315,520	6.19		10514		
2021-04-08,四	42.07		42.59		41.13		42.18		+0.12%		3.47%		2,270,487	94,880,682	4.37		7944		
2021-04-09,五	41.99		42.35		40.75		40.98		-2.84%		3.79%		1,662,232	68,886,068	1.48		5428		
2021-04-12,一	41.40		42.69		40.51		40.70		-0.68%		5.32%		2,479,881	103,340,495	2.20		6671		
2021-04-13,二	40.70		41.49		39.66		39.82		-2.16%		4.50%		1,730,200	69,459,518	1.54		5440		
2021-04-14,三	39.81		40.36		39.51		39.93		+0.28%		2.13%		1,403,700	56,149,412	1.25		4583		
2021-04-15,四	39.78		40.15		39.36		40.04		+0.28%		1.98%		792,591		31,575,964	0.704		2937		
2021-04-16,五	40.08		40.86		40.01		40.30		+0.65%		2.12%		1,142,681	46,128,594	1.02		3272		
2021-04-19,一	40.22		42.67		40.17		42.33		+5.04%		6.20%		1,952,475	81,720,300	1.73		6730		
2021-04-20,二	42.00		43.53		42.00		42.70		+0.87%		3.61%		1,795,065	77,102,228	1.59		5618		
2021-04-21,三	42.46		42.80		42.20		42.66		-0.09%		1.41%		1,175,104	49,909,911	1.04		4900		
2021-04-22,四	42.63		43.69		42.35		43.06		+0.94%		3.14%		1,689,238	73,090,618	1.50		6602		
2021-04-23,五	43.04		43.86		42.80		43.34		+0.65%		2.46%		980,506		42,477,122	0.871		3886		
2021-04-26,一	43.52		44.21		42.88		42.98		-0.83%		3.07%		1,717,360	74,901,920	1.53		4977		
2021-04-27,二	42.97		44.49		42.24		43.82		+1.95%		5.23%		1,787,266	78,473,210	1.59		6226		
2021-04-28,三	43.80		45.50		43.56		45.42		+3.65%		4.43%		2,529,759	113,566,895	2.25		7991		
2021-04-29,四	45.49		45.49		44.55		45.01		-0.90%		2.07%		2,119,210	95,315,249	1.88		7108		
2021-04-30,五	45.01		45.19		43.63		43.85		-2.58%		3.47%		1,536,285	67,709,576	1.36		5633		
2021-05-06,四	43.95		44.57		43.20		43.89		+0.09%		3.12%		1,074,876	47,193,490	0.955		4346		
2021-05-07,五	43.89		44.18		41.90		42.18		-3.90%		5.19%		1,671,625	71,855,402	1.48		6118		
2021-05-10,一	42.30		42.72		40.88		42.10		-0.19%		4.36%		1,549,604	64,952,344	1.38		6778		
2021-05-11,二	42.33		42.56		41.00		41.55		-1.31%		3.71%		1,403,652	58,526,083	1.25		4940		
2021-05-12,三	41.70		41.98		40.67		41.60		+0.12%		3.15%		1,562,617	64,615,891	1.39		6476		
2021-05-13,四	41.40		41.65		41.00		41.20		-0.96%		1.56%		794,621		32,822,849	0.706		3245		
2021-05-14,五	41.27		43.00		41.07		42.82		+3.93%		4.68%		1,864,994	78,728,990	1.66		6890		
2021-05-17,一	42.85		43.95		42.39		43.09		+0.63%		3.64%		1,965,900	84,953,322	1.75		6999		
2021-05-18,二	29.40		29.48		28.73		28.78		-33.21%		1.74%		2,138,577	61,959,961	1.31		7114		
2021-05-19,三	27.00		27.16		25.90		26.05		-9.49%		4.38%		8,920,673	235,832,570	5.46		22300		
2021-05-20,四	26.00		27.45		25.17		27.41		+5.22%		8.75%		4,817,893	128,070,238	2.95		14401		
2021-05-21,五	27.03		27.35		26.68		26.75		-2.41%		2.44%		2,051,340	55,380,667	1.26		6769		
2021-05-24,一	26.66		28.22		26.60		27.96		+4.52%		6.06%		4,463,366	122,188,395	2.73		11870		
2021-05-25,二	28.27		29.30		27.91		28.98		+3.65%		4.97%		3,777,280	108,979,200	2.31		11798		
2021-05-26,三	29.46		29.65		28.81		29.30		+1.10%		2.90%		2,886,775	84,701,988	1.77		7202		
2021-05-27,四	29.25		30.93		29.04		30.25		+3.24%		6.45%		3,430,778	104,175,638	2.10		11398		
2021-05-28,五	30.33		30.58		29.88		30.16		-0.30%		2.31%		2,317,652	70,121,209	1.42		8538		
2021-05-31,一	30.16		30.78		29.91		30.24		+0.27%		2.88%		2,272,592	68,819,786	1.39		8127		
2021-06-01,二	30.24		30.50		29.89		30.21		-0.10%		2.02%		1,649,824	49,792,612	1.01		5939		
2021-06-02,三	30.20		30.49		29.53		29.88		-1.09%		3.18%		2,002,544	59,932,799	1.23		7721		
2021-06-03,四	29.62		30.41		29.55		29.69		-0.64%		2.88%		1,481,497	44,519,764	0.908		5332		
2021-06-04,五	29.84		30.01		29.12		29.43		-0.88%		3.00%		1,874,737	55,353,986	1.15		6313		
2021-06-07,一	29.45		31.09		29.35		31.00		+5.33%		5.91%		3,782,330	115,512,150	2.32		10590		
2021-06-08,二	31.01		31.25		29.80		30.36		-2.06%		4.68%		2,376,494	71,805,963	1.46		7886		
2021-06-09,三	30.44		30.44		29.42		29.56		-2.64%		3.36%		1,680,724	50,034,182	1.03		5458		
2021-06-10,四	29.60		30.26		29.40		30.10		+1.83%		2.91%		1,367,470	41,007,156	0.838		4372		
2021-06-11,五	30.20		30.45		29.60		29.64		-1.53%		2.82%		1,190,863	35,494,825	0.730		3871		
2021-06-15,二	29.80		29.81		28.73		29.18		-1.55%		3.64%		1,604,351	47,040,787	0.983		5215		
2021-06-16,三	29.13		29.20		28.48		28.80		-1.30%		2.47%		1,799,864	51,729,765	1.10		5875		
2021-06-17,四	28.36		29.00		28.35		28.76		-0.14%		2.26%		1,712,416	49,266,642	1.05		5542		
2021-06-18,五	28.70		29.24		28.47		29.00		+0.83%		2.68%		2,600,495	75,263,602	1.59		7871		
2021-06-21,一	28.91		29.80		28.71		29.60		+2.07%		3.76%		2,295,473	67,662,210	1.41		6471		
2021-06-22,二	29.78		30.10		29.28		29.51		-0.30%		2.77%		2,217,080	65,693,299	1.36		5572		
2021-06-23,三	29.44		29.99		29.22		29.27		-0.81%		2.61%		2,306,982	68,130,755	1.41		7559		
2021-06-24,四	29.32		29.33		28.61		29.11		-0.55%		2.46%		2,393,149	69,217,490	1.47		5694		
2021-06-25,五	28.90		29.37		28.50		28.66		-1.55%		2.99%		3,493,403	100,361,174	2.14		8078		
2021-06-28,一	28.66		30.10		28.66		29.74		+3.77%		5.02%		4,257,661	126,335,532	2.61		12088		
2021-06-29,二	29.70		29.83		27.91		28.03		-5.75%		6.46%		5,795,425	165,864,000	3.55		16246		
2021-06-30,三	28.20		29.72		28.06		28.67		+2.28%		5.92%		5,048,624	145,923,730	3.21		14712		
2021-07-01,四	28.68		29.34		28.50		28.80		+0.45%		2.93%		2,631,885	76,137,880	1.67		8181		
2021-07-02,五	29.68		30.67		29.10		30.29		+5.17%		5.45%		8,974,628	270,367,440	5.70		25273		
2021-07-05,一	30.80		32.48		30.35		32.14		+6.11%		7.03%		8,732,358	277,532,720	5.55		23052		
2021-07-06,二	32.17		32.99		31.63		32.01		-0.40%		4.23%		6,867,123	221,802,190	4.36		19430		
2021-07-07,三	31.93		32.14		31.11		31.74		-0.84%		3.22%		4,790,388	152,010,120	3.04		11535		
2021-07-08,四	31.68		33.95		31.68		33.42		+5.29%		7.15%		6,155,065	204,628,750	3.91		14921		
2021-07-09,五	33.33		33.60		32.46		33.15		-0.81%		3.41%		3,994,072	132,178,557	2.54		10908		
2021-07-12,一	33.36		34.62		33.10		33.40		+0.75%		4.59%		7,108,632	239,860,860	4.52		15776		
2021-07-13,二	33.61		34.50		32.55		33.40		+0.00%		5.84%		4,188,905	139,578,180	2.66		9645		
2021-07-14,三	33.20		33.75		32.00		32.90		-1.50%		5.24%		3,449,324	113,825,486	2.19		10258		
2021-07-15,四	32.75		33.55		31.50		32.84		-0.18%		6.23%		4,913,342	159,224,560	3.12		12603		
2021-07-16,五	32.82		34.12		31.59		31.79		-3.20%		7.70%		5,443,405	177,879,280	3.46		14230		
2021-07-19,一	31.82		32.82		31.65		32.18		+1.23%		3.68%		3,247,491	104,658,682	2.06		11037		
2021-07-20,二	31.66		32.40		31.34		31.99		-0.59%		3.29%		3,172,939	100,905,910	2.02		10806		
2021-07-21,三	32.00		35.19		32.00		35.19		+10.00%		9.97%		4,865,382	167,054,180	3.09		8468		
2021-07-22,四	35.88		36.08		34.30		35.07		-0.34%		5.06%		6,381,958	222,930,590	4.05		22164		
2021-07-23,五	35.07		37.88		35.01		37.42		+6.70%		8.18%		6,473,317	238,720,640	4.11		20569		
2021-07-26,一	37.07		37.88		35.50		36.97		-1.20%		6.36%		5,120,930	189,269,260	3.25		14498		
2021-07-27,二	36.99		37.42		34.00		34.60		-6.41%		9.25%		4,867,922	174,209,400	3.09		13358		
2021-07-28,三	34.72		34.72		32.25		32.65		-5.64%		7.14%		7,209,685	238,006,220	4.58		17295		
2021-07-29,四	33.29		34.80		33.08		34.58		+5.91%		5.27%		4,476,215	151,973,640	2.84		13857		
2021-07-30,五	34.58		35.25		33.62		34.45		-0.38%		4.71%		3,105,414	106,747,772	1.97		9629		
2021-08-02,一	34.23		36.50		33.70		36.15		+4.93%		8.13%		7,605,607	268,108,090	4.83		16217		
2021-08-03,二	36.80		38.15		36.47		36.82		+1.85%		4.65%		7,311,508	273,168,640	4.64		18136		
2021-08-04,三	36.90		39.86		36.82		38.90		+5.65%		8.26%		6,160,776	237,973,040	3.91		16186		
2021-08-05,四	38.95		38.95		37.50		38.59		-0.80%		3.73%		3,839,340	146,635,010	2.44		11243		
2021-08-06,五	38.99		39.11		37.10		37.90		-1.79%		5.21%		3,986,171	150,701,950	2.53		14441		
2021-08-09,一	37.99		38.91		37.50		38.36		+1.21%		3.72%		3,032,825	115,954,677	1.93		8825		
2021-08-10,二	38.05		40.45		37.30		40.37		+5.24%		8.21%		5,845,391	229,935,200	3.71		15070		
2021-08-11,三	40.00		40.17		38.86		39.63		-1.83%		3.24%		4,244,297	167,383,760	2.70		11382		
2021-08-12,四	39.64		39.98		37.56		38.98		-1.64%		6.11%		4,110,336	159,506,980	2.61		12266		
2021-08-13,五	38.61		38.95		38.06		38.36		-1.59%		2.28%		2,787,329	106,930,385	1.77		7594		
2021-08-16,一	38.00		38.86		37.20		37.73		-1.64%		4.33%		4,375,226	166,634,650	2.78		13072		
2021-08-17,二	37.48		37.98		36.10		36.34		-3.68%		4.98%		3,157,397	116,908,070	2.01		8702		
2021-08-18,三	36.35		36.78		34.50		35.38		-2.64%		6.27%		3,601,052	127,941,935	2.29		10080		
2021-08-19,四	35.70		35.71		34.35		34.83		-1.55%		3.84%		2,979,615	103,992,011	1.89		8788		
2021-08-20,五	35.17		36.60		34.52		35.26		+1.23%		5.97%		5,601,449	198,626,660	3.56		15629		
2021-08-23,一	35.96		38.00		35.69		37.10		+5.22%		6.55%		5,270,860	194,099,590	3.35		13040		
2021-08-24,二	37.99		38.30		36.15		37.10		+0.00%		5.80%		3,536,055	131,615,679	2.25		11320		
2021-08-25,三	37.06		37.37		35.10		35.26		-4.96%		6.12%		4,780,500	170,512,730	3.04		13438		
2021-08-26,四	35.52		35.80		34.98		35.13		-0.37%		2.33%		3,450,529	122,097,663	2.19		9548		
2021-08-27,五	34.90		35.30		33.61		33.80		-3.79%		4.81%		4,966,933	170,240,280	3.16		12944		
2021-08-30,一	33.80		34.68		31.49		32.00		-5.33%		9.44%		9,247,612	301,877,730	5.87		21967		
2021-08-31,二	32.00		32.61		31.20		32.18		+0.56%		4.41%		4,950,790	159,081,960	3.15		14358		
2021-09-01,三	32.06		32.06		30.69		31.04		-3.54%		4.26%		4,412,613	137,256,330	2.80		14013		
2021-09-02,四	31.10		31.30		29.70		30.14		-2.90%		5.15%		5,236,951	158,040,080	3.33		16457		
2021-09-03,五	30.10		30.10		28.67		28.79		-4.48%		4.74%		5,561,994	162,635,200	3.53		16749		
2021-09-06,一	28.88		29.69		28.30		29.56		+2.67%		4.83%		4,970,674	144,065,950	3.16		13068		
2021-09-07,二	29.50		29.50		28.86		29.33		-0.78%		2.17%		3,138,605	91,567,291	1.99		9186		
2021-09-08,三	29.34		29.50		28.90		28.96		-1.26%		2.05%		2,485,312	72,357,373	1.58		7431		
2021-09-09,四	28.86		29.07		28.32		28.61		-1.21%		2.59%		3,350,193	96,065,699	2.13		7953		
2021-09-10,五	29.00		29.40		28.65		29.12		+1.78%		2.62%		2,595,895	75,276,270	1.65		6885		
2021-09-13,一	29.12		29.43		28.20		28.39		-2.51%		4.22%		3,301,956	95,037,483	2.10		8242		
2021-09-14,二	28.40		28.86		28.01		28.56		+0.60%		2.99%		2,611,530	74,674,784	1.66		4997		
2021-09-15,三	28.57		28.99		28.14		28.98		+1.47%		2.98%		2,301,168	65,842,069	1.46		5531		
2021-09-16,四	28.98		29.40		28.70		29.18		+0.69%		2.42%		2,604,833	75,879,899	1.66		6651		
2021-09-17,五	29.30		29.33		28.41		28.75		-1.47%		3.15%		1,471,377	42,308,498	0.936		4045		
2021-09-22,三	28.40		28.55		26.86		27.28		-5.11%		5.88%		3,775,868	103,800,405	2.40		9761		
2021-09-23,四	27.28		27.46		26.80		26.95		-1.21%		2.42%		2,300,725	62,403,225	1.46		6125		
2021-09-24,五	26.94		26.94		26.04		26.25		-2.60%		3.34%		2,616,972	68,857,077	1.66		6500		
2021-09-27,一	26.24		26.85		25.70		26.46		+0.80%		4.38%		2,998,394	78,984,868	1.91		7485		
2021-09-28,二	26.46		26.66		25.81		25.90		-2.12%		3.21%		2,480,370	64,646,561	1.58		6084		
2021-09-29,三	25.75		25.79		25.26		25.26		-2.47%		2.05%		2,133,591	54,269,392	1.36		6740		
2021-09-30,四	25.31		27.14		25.28		26.90		+6.49%		7.36%		3,531,971	92,684,722	2.25		9124		
2021-10-08,五	27.31		27.39		25.83		26.00		-3.35%		5.80%		3,087,402	81,114,764	1.96		8106		
2021-10-11,一	26.00		26.59		25.50		25.89		-0.42%		4.19%		2,011,670	52,359,190	1.28		4618		
2021-10-12,二	25.94		26.06		25.09		25.29		-2.32%		3.75%		2,040,126	51,658,793	1.30		5426		
2021-10-13,三	25.56		25.59		25.00		25.28		-0.04%		2.33%		1,976,428	49,654,001	1.26		6207		
2021-10-14,四	25.44		25.70		25.25		25.52		+0.95%		1.78%		2,036,480	51,861,937	1.29		6722		
2021-10-15,五	25.43		25.47		25.00		25.22		-1.18%		1.84%		2,165,722	54,520,794	1.38		6051		
2021-10-18,一	25.21		25.21		24.32		25.00		-0.87%		3.53%		2,976,495	73,428,256	1.89		11503		
2021-10-19,二	24.88		25.56		24.80		25.13		+0.52%		3.04%		2,407,228	60,689,745	1.53		8858		
2021-10-20,三	25.30		25.50		24.94		25.50		+1.47%		2.23%		1,892,895	47,905,278	1.20		5960		
2021-10-21,四	25.65		25.68		24.77		24.96		-2.12%		3.57%		2,223,941	55,939,363	1.41		7550		
2021-10-22,五	24.83		25.14		24.55		24.99		+0.12%		2.36%		1,141,413	28,430,778	0.726		4055		
2021-10-25,一	25.01		25.38		24.55		25.35		+1.44%		3.32%		1,753,131	43,972,113	1.11		5252		
2021-10-26,二	25.00		26.45		24.80		25.85		+1.97%		6.51%		3,521,973	91,092,200	2.24		9794		
2021-10-27,三	25.90		26.18		25.35		25.51		-1.32%		3.21%		2,100,117	53,750,618	1.34		6846		
2021-10-28,四	25.53		25.53		24.08		24.14		-5.37%		5.68%		3,146,056	77,089,328	2.00		9202		
2021-10-29,五	24.10		24.45		23.80		24.20		+0.25%		2.69%		1,798,199	43,376,210	1.14		6017		
2021-11-01,一	24.09		25.48		23.92		25.08		+3.64%		6.45%		3,024,912	75,501,236	1.92		10408		
2021-11-02,二	25.06		25.74		24.90		25.30		+0.88%		3.35%		2,336,540	59,243,306	1.49		7591		
2021-11-03,三	25.20		26.22		25.15		26.22		+3.64%		4.23%		3,070,653	79,346,975	1.95		9468		
2021-11-04,四	26.23		26.48		25.81		25.93		-1.11%		2.56%		2,723,497	71,132,849	1.73		8348		
2021-11-05,五	25.85		27.05		25.80		26.99		+4.09%		4.82%		3,929,968	105,068,412	2.50		10295		
2021-11-08,一	27.00		27.20		26.20		27.16		+0.63%		3.71%		3,098,225	82,838,769	1.97		8560		
2021-11-09,二	27.15		27.16		26.40		26.60		-2.06%		2.80%		2,832,809	75,522,744	1.80		6305		
2021-11-10,三	26.64		26.69		26.01		26.43		-0.64%		2.56%		3,009,712	79,453,222	1.91		6759		
2021-11-11,四	26.32		26.80		26.28		26.47		+0.15%		1.97%		2,121,392	56,291,559	1.35		5181		
2021-11-12,五	26.50		27.43		26.33		27.26		+2.98%		4.16%		3,327,133	89,678,328	2.12		7781		
2021-11-15,一	27.09		27.59		26.90		27.19		-0.26%		2.53%		2,302,366	62,702,939	1.46		5894		
2021-11-16,二	27.12		27.36		26.51		26.61		-2.13%		3.13%		2,142,697	57,436,427	1.36		5703		
2021-11-17,三	26.68		26.75		26.15		26.17		-1.65%		2.25%		3,112,805	82,125,782	1.98		6607		
2021-11-18,四	26.24		26.55		26.01		26.18		+0.04%		2.06%		1,964,360	51,601,291	1.25		5531		
2021-11-19,五	26.08		28.80		26.08		28.80		+10.01%		10.39%		12,852,000	363,429,820	8.17		17567		
2021-11-22,一	28.80		29.50		28.00		28.49		-1.08%		5.21%		11,817,020	337,296,230	7.51		28819		
2021-11-23,二	28.49		28.59		27.88		28.32		-0.60%		2.49%		6,628,211	187,329,590	4.21		17723		
2021-11-24,三	28.12		29.62		28.06		28.97		+2.30%		5.51%		8,887,660	256,715,890	5.65		20000		
2021-11-25,四	28.82		29.31		28.30		29.17		+0.69%		3.49%		4,399,227	127,035,557	2.80		9635		
2021-11-26,五	28.89		29.00		28.10		28.30		-2.98%		3.09%		3,906,046	110,804,090	2.48		8694		
2021-11-29,一	27.90		28.80		27.63		28.50		+0.71%		4.13%		2,910,032	82,412,597	1.85		6721		
2021-11-30,二	28.50		28.79		28.15		28.48		-0.07%		2.25%		3,114,070	88,492,179	1.98		6803		
2021-12-01,三	28.31		28.71		28.20		28.43		-0.18%		1.79%		2,799,687	79,473,903	1.78		4853		
2021-12-02,四	28.40		28.42		27.39		27.52		-3.20%		3.62%		4,097,114	113,700,065	2.61		9692		
2021-12-03,五	27.51		27.88		27.20		27.70		+0.65%		2.47%		2,555,326	70,368,124	1.62		4527		
2021-12-06,一	27.70		27.74		26.03		26.05		-5.96%		6.17%		5,807,958	154,411,050	3.69		10421		
2021-12-07,二	26.17		26.29		25.11		25.32		-2.80%		4.53%		3,467,226	88,115,341	2.20		6594		
2021-12-08,三	25.44		25.86		25.42		25.83		+2.01%		1.74%		2,051,918	52,655,705	1.30		4043		
2021-12-09,四	25.83		26.75		25.68		26.31		+1.86%		4.14%		3,015,151	78,555,601	1.92		5184		
2021-12-10,五	26.28		26.29		25.90		26.11		-0.76%		1.48%		1,832,580	47,751,264	1.17		3328		
2021-12-13,一	26.10		26.13		25.28		25.36		-2.87%		3.26%		4,628,196	118,342,709	2.94		7716		
2021-12-14,二	25.38		25.88		25.25		25.82		+1.81%		2.48%		1,869,649	47,937,819	1.19		4576		
2021-12-15,三	25.90		26.26		25.68		26.03		+0.81%		2.25%		2,583,190	67,393,548	1.64		6814		

